1 0.42782909930715934 0.2276978417266187 0.1905311778290993 0.09064748201438849
1 0.4636258660508083 0.32661870503597124 0.1397228637413395 0.08057553956834532
1 0.39549653579676675 0.46618705035971225 0.22979214780600463 0.1884892086330935
1 0.3770207852193995 0.6280575539568345 0.1789838337182448 0.12446043165467625
1 0.8366050808314087 0.12266187050359713 0.1235565819861432 0.041726618705035974
1 0.7904157043879908 0.21258992805755395 0.12240184757505773 0.11007194244604317
1 0.8816397228637414 0.24424460431654677 0.09006928406466513 0.09496402877697842
1 0.4630484988452656 0.031294964028776975 0.17090069284064666 0.06258992805755395
1 0.8706697459584296 0.4892086330935252 0.2586605080831409 0.2273381294964029
1 0.8239030023094688 0.3773381294964029 0.3371824480369515 0.06618705035971223
1 0.5623556581986143 0.4956834532374101 0.15473441108545036 0.2158273381294964
1 0.6685912240184757 0.45215827338129494 0.08660508083140878 0.0920863309352518
4 0.24364896073903003 0.89568345323741 0.12240184757505773 0.06546762589928058
4 0.3210161662817552 0.8690647482014389 0.04041570438799076 0.038129496402877695
4 0.812933025404157 0.8464028776978417 0.04387990762124711 0.031654676258992806
1 0.036374133949191687 0.4179856115107914 0.061200923787528866 0.09928057553956834
1 0.2245958429561201 0.3341726618705036 0.04734411085450346 0.033093525179856115
1 0.21939953810623555 0.2341726618705036 0.06581986143187067 0.03741007194244604
1 0.21247113163972287 0.4341726618705036 0.042725173210161664 0.026618705035971222
4 0.04561200923787529 0.7017985611510792 0.06928406466512702 0.04964028776978417