1 0.39011547344110853 0.23253956834532374 0.179757505773672 0.08138129496402878
1 0.43937644341801385 0.3294028776978417 0.13048498845265588 0.07366906474820142
1 0.3912586605080831 0.4720503597122302 0.2051616628175519 0.17767625899280579
1 0.39549653579676675 0.634136690647482 0.1628175519630485 0.11623021582733808
1 0.7822863741339492 0.10594964028776979 0.11885681293302548 0.0353956834532374
1 0.7491916859122402 0.19800719424460433 0.10808314087759804 0.10441007194244604
1 0.8446420323325635 0.22462589928057555 0.07727482678983842 0.09145323741007194
1 0.39780600461893767 0.03093525179856115 0.1628175519630485 0.0618705035971223
1 0.8764434180138568 0.4689352517985612 0.2471131639722864 0.21458992805755395
1 0.8053695150115474 0.3600935251798561 0.33129330254041583 0.04872661870503599
1 0.5617667436489607 0.4924244604316547 0.12583140877598156 0.2097913669064749
1 0.6610623556581986 0.4430503597122302 0.07501154734411089 0.08801438848920858
4 0.29967667436489603 0.9079496402877697 0.11435334872979212 0.05954676258992805
4 0.37318706697459586 0.8775035971223022 0.03505773672055429 0.03605755395683445
4 0.8604272517321017 0.828115107913669 0.03954965357967667 0.02936690647482026
1 0.026812933025404155 0.4432877697841726 0.04799076212471132 0.09712230215827339
1 0.2026905311778291 0.3497841726618705 0.04264434180138569 0.030985611510791402
1 0.18306004618937644 0.2505251798561151 0.061270207852193996 0.03389928057553957
1 0.20461893764434178 0.45000719424460434 0.03971131639722862 0.024237410071942484
4 0.07568129330254042 0.7257338129496402 0.06360277136258662 0.046187050359712184