1 0.39780600461893767 0.23129496402877697 0.18244803695150116 0.08345323741007195
1 0.44399538106235564 0.32877697841726616 0.13279445727482678 0.07482014388489208
1 0.3920323325635104 0.47086330935251797 0.21016166281755197 0.17985611510791366
1 0.3920323325635104 0.6330935251798561 0.16628175519630484 0.11798561151079137
1 0.7933025404157044 0.10899280575539569 0.12009237875288684 0.03669064748201439
1 0.7575057736720554 0.20071942446043164 0.11085450346420324 0.10575539568345324
1 0.8521939953810623 0.22841726618705036 0.07967667436489607 0.0920863309352518
1 0.4110854503464203 0.030575539568345324 0.16397228637413394 0.06115107913669065
1 0.8752886836027713 0.47266187050359715 0.24942263279445728 0.21726618705035972
1 0.8094688221709007 0.36330935251798563 0.3325635103926097 0.05251798561151079
1 0.5617782909930716 0.4931654676258993 0.13163972286374134 0.21079136690647482
1 0.6628175519630485 0.44496402877697844 0.07736720554272518 0.08848920863309352
4 0.2881062355658199 0.9057553956834532 0.11547344110854503 0.060431654676258995
4 0.3625866050808314 0.8758992805755396 0.03579676674364896 0.03669064748201439
4 0.851039260969977 0.8320143884892086 0.04041570438799076 0.029496402877697843
1 0.028290993071593534 0.4381294964028777 0.050808314087759814 0.09784172661870504
1 0.2066974595842956 0.3464028776978417 0.04387990762124711 0.031654676258992806
1 0.18995381062355657 0.24712230215827338 0.06235565819861432 0.034532374100719423
1 0.2061200923787529 0.44676258992805756 0.04041570438799076 0.02446043165467626
4 0.06928406466512702 0.7212230215827338 0.06466512702078522 0.046762589928057555