1 0.238546875 0.550734375 0.16742187500000003 0.4584687500000001
1 0.41703124999999996 0.34484375 0.058484374999999963 0.023968749999999962
1 0.39051562500000003 0.580546875 0.09637499999999996 0.4499374999999999
1 0.46839062499999995 0.401875 0.0390625 0.10110937500000002
1 0.5701875000000001 0.5521874999999999 0.04712499999999995 0.06365625000000001
1 0.577046875 0.770890625 0.049484374999999935 0.06356250000000001
1 0.11309374999999999 0.681875 0.07778125 0.20373437499999997
1 0.11260937499999998 0.44731249999999995 0.07465625000000001 0.15789062499999998
1 0.032671875 0.42909375 0.06534375 0.19245312499999997
1 0.04065625 0.620828125 0.023796874999999995 0.13273437500000007
1 0.01278125 0.738453125 0.0255625 0.12085937500000003
1 0.017046875 0.54509375 0.03409375 0.038093749999999996