1 0.1490625 0.35225672877846786 0.0575 0.6984679089026915
1 0.0078125 0.4989337474120083 0.015625 0.09121118012422355
1 0.05766875 0.531055900621118 0.07783125 0.15286749482401657
1 0.24136875 0.4939648033126295 0.10304375 0.24430641821946175
1 0.26454374999999997 0.3503726708074534 0.04002499999999998 0.09687370600414083
1 0.31453749999999997 0.5293271221532091 0.021268749999999982 0.1649378881987578
1 0.346825 0.38077639751552794 0.07646249999999999 0.030879917184265054
1 0.4600875 0.5088302277432712 0.14986249999999998 0.29216356107660457
1 0.68245 0.42712215320910973 0.26646250000000005 0.29001035196687364
1 0.90873125 0.44824016563146996 0.17568749999999994 0.44553830227743263
4 0.6484749999999999 0.6985817805383023 0.16569999999999993 0.2782919254658384
4 0.5393875 0.7503726708074534 0.08685000000000002 0.1357246376811593
4 0.7683875 0.6970807453416149 0.09458750000000009 0.26751552795031064
4 0.402025 0.872184265010352 0.13373125000000002 0.04319875776397517
4 0.33665625 0.6837267080745342 0.23425624999999997 0.059658385093167815
4 0.489775 0.6800621118012423 0.06236249999999998 0.029037267080745294
4 0.8513249999999999 0.7188819875776398 0.027643750000000012 0.023850931677018596
4 0.82489375 0.7152173913043478 0.01697499999999991 0.024285714285714324
4 0.9595125 0.7473395445134575 0.023712500000000036 0.0238405797101449
4 0.8522375 0.7434575569358177 0.018531250000000058 0.010900621118012394
4 0.86929375 0.7410869565217392 0.017662500000000136 0.019099378881987625
4 0.198925 0.6729503105590062 0.04941874999999996 0.03292960662525874
4 0.7811499999999999 0.711335403726708 0.023237499999999897 0.026873706004140824