1 0.8471875 0.3416149068322981 0.071875 0.6832298136645962
1 0.9915625 0.4704968944099379 0.016875 0.09213250517598344
1 0.9428125 0.5056935817805382 0.08125 0.15734989648033126
1 0.7584375 0.4787784679089027 0.108125 0.2505175983436853
1 0.7321875 0.33695652173913043 0.041875 0.09937888198757763
1 0.6859375 0.5186335403726708 0.025 0.16563146997929606
1 0.650625 0.3721532091097309 0.076875 0.035196687370600416
1 0.54 0.5067287784679089 0.155625 0.3002070393374741
1 0.31625 0.43788819875776397 0.2725 0.3053830227743271
1 0.09125 0.4720496894409938 0.1825 0.4554865424430642
4 0.3559375 0.7070393374741201 0.17125 0.28778467908902694
4 0.4659375 0.7525879917184265 0.089375 0.14078674948240166
4 0.2359375 0.7127329192546584 0.1 0.2732919254658385
4 0.605625 0.8664596273291926 0.134375 0.050724637681159424
4 0.6671875 0.6744306418219461 0.235625 0.07349896480331262
4 0.5140625 0.6796066252587992 0.063125 0.033126293995859216
4 0.1534375 0.7391304347826086 0.028125 0.025879917184265012
4 0.1796875 0.7339544513457557 0.0175 0.024844720496894408
4 0.0459375 0.7738095238095238 0.024375 0.024844720496894408
4 0.153125 0.7634575569358178 0.01875 0.012422360248447204
4 0.1359375 0.7624223602484472 0.018125 0.019668737060041408
4 0.8046875 0.65527950310559 0.05 0.036231884057971016
4 0.2234375 0.7272256728778468 0.02375 0.027950310559006212