1 0.860625 0.4451345755693582 0.1225 0.7049689440993789
1 0.98625 0.6262939958592133 0.02375 0.09420289855072464
1 0.9340625 0.6454451345755694 0.09125 0.17080745341614906
1 0.7559375 0.5610766045548654 0.125 0.26811594202898553
1 0.7465625 0.41304347826086957 0.04875 0.10559006211180125
1 0.6803125 0.5771221532091098 0.036875 0.16873706004140787
1 0.6625 0.4218426501035197 0.07875 0.050724637681159424
1 0.5384375 0.5191511387163561 0.175625 0.32712215320910976
1 0.3265625 0.38095238095238093 0.290625 0.35507246376811596
1 0.104375 0.34316770186335405 0.20875 0.4855072463768116
4 0.3346875 0.6578674948240165 0.19 0.31780538302277433
4 0.4375 0.7370600414078675 0.09875 0.15631469979296067
4 0.21625 0.6252587991718427 0.11875 0.2888198757763975
4 0.5615625 0.8928571428571429 0.13625 0.07763975155279502
4 0.6440625 0.7236024844720497 0.236875 0.12008281573498965
4 0.493125 0.6806418219461697 0.064375 0.044513457556935816
4 0.1321875 0.6252587991718427 0.029375 0.031055900621118012
4 0.15875 0.6283643892339544 0.01875 0.027950310559006212
4 0.0228125 0.6252587991718427 0.025625 0.030020703933747412
4 0.1290625 0.6490683229813664 0.019375 0.015527950310559006
4 0.1125 0.6423395445134575 0.019375 0.023809523809523808
4 0.7809375 0.7489648033126294 0.051875 0.045548654244306416
4 0.2025 0.6361283643892339 0.025625 0.032091097308488616