1 0.335 0.39125 0.31833333333333336 0.40625 0.31 0.4075 0.30833333333333335 0.4375 0.32 0.45875 0.30833333333333335 0.50375 0.31666666666666665 0.5125 0.3433333333333333 0.5075 0.3566666666666667 0.5175 0.355 0.5275 0.3433333333333333 0.535 0.3466666666666667 0.5725 0.34 0.58 0.36 0.59375 0.365 0.61625 0.40166666666666667 0.6225 0.4083333333333333 0.63125 0.43166666666666664 0.63875 0.44666666666666666 0.63 0.44166666666666665 0.6125 0.44666666666666666 0.40875 0.46 0.405 0.4633333333333333 0.3975 0.4633333333333333 0.37625 0.45 0.37 0.44166666666666665 0.345 0.4633333333333333 0.325 0.47 0.3 0.455 0.31 0.45166666666666666 0.32125 0.43833333333333335 0.3275 0.42 0.3275 0.385 0.30375 0.33666666666666667 0.30375 0.315 0.3225 0.31166666666666665 0.34875 0.315 0.365 0.335 0.39125
1 0.36666666666666664 0.24875 0.365 0.255 0.38666666666666666 0.27125 0.39166666666666666 0.27125 0.3933333333333333 0.26125 0.415 0.24875 0.42333333333333334 0.2625 0.44333333333333336 0.27625 0.44333333333333336 0.28375 0.4716666666666667 0.29375 0.4766666666666667 0.3075 0.55 0.305 0.5683333333333334 0.29875 0.6033333333333334 0.3075 0.6166666666666667 0.3025 0.6166666666666667 0.28125 0.6266666666666667 0.27 0.6366666666666667 0.26625 0.6516666666666666 0.2725 0.675 0.2725 0.62 0.245 0.58 0.21125 0.5616666666666666 0.20375 0.37166666666666665 0.21 0.3466666666666667 0.2175 0.345 0.2275 0.36666666666666664 0.24875
1 0.7983333333333333 0.30125 0.8033333333333333 0.30875 0.7983333333333333 0.33375 0.805 0.4125 0.805 0.65125 0.7983333333333333 0.6925 0.8033333333333333 0.70125 0.7983333333333333 0.7075 0.7966666666666666 0.81 0.8383333333333334 0.81 0.835 0.825 0.8433333333333334 0.8325 0.8416666666666667 0.86 0.8583333333333333 0.8875 0.86 0.91125 0.8666666666666667 0.91625 0.9683333333333334 0.8975 0.97 0.90375 0.9833333333333333 0.90125 0.9866666666666667 0.92 0.9883333333333333 0.90875 0.9983333333333333 0.90125 0.9983333333333333 0.06875 0.9866666666666667 0.06 0.8833333333333333 0.09125 0.87 0.1075 0.8633333333333333 0.12875 0.8283333333333334 0.16125 0.8216666666666667 0.18625 0.83 0.19125 0.8066666666666666 0.20875 0.7983333333333333 0.25375 0.8066666666666666 0.26875 0.7983333333333333 0.30125
1 0.7083333333333334 0.25875 0.755 0.2475 0.7866666666666666 0.22125 0.7866666666666666 0.16875 0.7566666666666667 0.1675 0.755 0.1525 0.7466666666666667 0.14625 0.72 0.17125 0.6983333333333334 0.2075 0.6983333333333334 0.24375 0.7083333333333334 0.25875
1 0 0.6925 0.02 0.71375 0.051666666666666666 0.71125 0.05333333333333334 0.685 0.06166666666666667 0.67375 0.08333333333333333 0.68 0.09 0.66125 0.08333333333333333 0.62625 0.1 0.60375 0.1 0.595 0.105 0.59125 0.11333333333333333 0.59125 0.11833333333333333 0.5975 0.13 0.59375 0.14 0.58375 0.14 0.575 0.16 0.5675 0.16166666666666665 0.54625 0.17833333333333334 0.53625 0.18 0.5275 0.195 0.52875 0.2 0.53625 0.21 0.53375 0.23666666666666666 0.545 0.25333333333333335 0.52125 0.25333333333333335 0.37875 0.24666666666666667 0.34875 0.23833333333333334 0.3375 0.22 0.3325 0.21 0.34875 0.17833333333333334 0.3475 0.17166666666666666 0.31375 0.14 0.3175 0.09333333333333334 0.295 0.085 0.27625 0.08666666666666667 0.25875 0.095 0.24375 0.10666666666666667 0.24125 0.10166666666666667 0.225 0.095 0.22375 0 0.21625 0 0.6925
4 0.4447666666666667 0.75892875 0.4533333333333333 0.765 0.455 0.77125 0.505 0.77 0.5433333333333333 0.7875 0.5916666666666667 0.7825 0.6316666666666667 0.795 0.7566666666666667 0.81625 0.7833333333333333 0.82625 0.7883333333333333 0.82375 0.785 0.795 0.7333333333333333 0.78875 0.7166666666666667 0.78125 0.7083333333333334 0.7625 0.6616666666666666 0.745 0.5666666666666667 0.74125 0.45166666666666666 0.72 0.43666666666666665 0.72875 0.44 0.73625 0.4447666666666667 0.75892875
4 0.2633333333333333 0.72375 0.28 0.73 0.28 0.77125 0.32134 0.7783662499999999 0.325 0.7625 0.3566666666666667 0.7675 0.36833333333333335 0.75625 0.42333333333333334 0.75625 0.42333333333333334 0.7275 0.4033333333333333 0.71625 0.26666666666666666 0.70125 0.25833333333333336 0.71625 0.2633333333333333 0.72375
4 0.45666666666666667 0.83625 0.47833333333333333 0.82625 0.5083333333333333 0.8225 0.5216666666666666 0.805 0.49666666666666665 0.7875 0.46166666666666667 0.78875 0.4266666666666667 0.80125 0.41 0.8175 0.385 0.8175 0.38666666666666666 0.83 0.45666666666666667 0.83625
1 0 0.22 0.015 0.22375 0.02666666666666667 0.235 0.051666666666666666 0.23125 0.07 0.23625 0.07833333333333334 0.24875 0.07666666666666666 0.23625 0.11 0.23 0.115 0.22 0.11166666666666666 0.1775 0.10166666666666667 0.16875 0.095 0.13875 0.06333333333333334 0.12375 0.02666666666666667 0.11875 0.013333333333333334 0.105 0 0.105 0 0.22
1 0.16 0.2825 0.17333333333333334 0.30125 0.19666666666666666 0.315 0.2 0.26625 0.19333333333333333 0.23125 0.185 0.21625 0.15666666666666668 0.1925 0.14833333333333334 0.2 0.14833333333333334 0.23375 0.16 0.2825
1 0.8733333333333333 0 0.86 0.005 0.8583333333333333 0.06125 0.86 0.075 0.8683333333333333 0.08 0.8833333333333333 0.0825 0.96 0.0675 0.9983333333333333 0.0325 0.9983333333333333 0 0.8733333333333333 0