1 0.14501953125 0.6419117647058824 0.28955078125 0.7161764705882353
1 0.36181640625 0.5963235294117647 0.0498046875 0.3683823529411765
1 0.68505859375 0.6044117647058823 0.11279296875 0.5264705882352941
1 0.6162109375 0.5544117647058824 0.00634765625 0.125
1 0.59423828125 0.524264705882353 0.029296875 0.1625
1 0.560546875 0.5455882352941176 0.01220703125 0.14411764705882352
1 0.49169921875 0.49926470588235294 0.06982421875 0.10735294117647058
1 0.43017578125 0.5698529411764706 0.00537109375 0.10294117647058823
1 0.39599609375 0.5470588235294118 0.00830078125 0.19926470588235295
1 0.30224609375 0.4536764705882353 0.015625 0.075
1 0.30859375 0.7536764705882353 0.0166015625 0.08529411764705883
1 0.91455078125 0.5316176470588235 0.16748046875 0.3411764705882353
4 0.52880859375 0.8139705882352941 0.02783203125 0.027205882352941177
4 0.66259765625 0.8845588235294117 0.0107421875 0.022794117647058822
4 0.7060546875 0.9786764705882353 0.0205078125 0.022794117647058822
4 0.6875 0.9492647058823529 0.02197265625 0.016911764705882352
4 0.6650390625 0.9389705882352941 0.01904296875 0.015441176470588236
4 0.6689453125 0.9117647058823529 0.01953125 0.02426470588235294
4 0.650390625 0.9139705882352941 0.02392578125 0.027941176470588237
4 0.572265625 0.9404411764705882 0.07763671875 0.028676470588235293
4 0.59375 0.9147058823529411 0.05908203125 0.0375
4 0.63427734375 0.9477941176470588 0.0419921875 0.04338235294117647
4 0.50244140625 0.9933823529411765 0.0712890625 0.0125
4 0.392578125 0.9676470588235294 0.05859375 0.03823529411764706
4 0.4140625 0.9176470588235294 0.0361328125 0.021323529411764706
4 0.375 0.924264705882353 0.0166015625 0.015441176470588236
4 0.40966796875 0.8904411764705882 0.0185546875 0.009558823529411765
4 0.515625 0.6860294117647059 0.08935546875 0.030147058823529412
4 0.45556640625 0.6551470588235294 0.02099609375 0.016176470588235296
4 0.56689453125 0.7588235294117647 0.02197265625 0.01838235294117647
4 0.55859375 0.8669117647058824 0.03515625 0.027205882352941177
4 0.5126953125 0.9632352941176471 0.01708984375 0.023529411764705882
1 0.75146484375 0.5713235294117647 0.01611328125 0.34338235294117647
1 0.93017578125 0.8709558823529412 0.1396484375 0.2580882352941177
1 0.7861328125 0.5882352941176471 0.0478515625 0.3522058823529412
1 0.814453125 0.7985294117647059 0.00927734375 0.03676470588235294