1 0.151611328125 0.5948529411764706 0.30322265625 0.7514705882352941
1 0.356689453125 0.5779411764705882 0.07080078125 0.3735294117647059
1 0.67822265625 0.6283088235294118 0.14306640625 0.5389705882352941
1 0.612548828125 0.569485294117647 0.013671875 0.125
1 0.592529296875 0.5363970588235294 0.03857421875 0.16544117647058823
1 0.5576171875 0.5533088235294118 0.0205078125 0.1448529411764706
1 0.49169921875 0.49816176470588236 0.07568359375 0.1161764705882353
1 0.426513671875 0.5602941176470588 0.01123046875 0.10294117647058823
1 0.3935546875 0.5330882352941176 0.02001953125 0.19926470588235295
1 0.3056640625 0.4279411764705882 0.02001953125 0.07647058823529412
1 0.294677734375 0.7275735294117647 0.021484375 0.0875
1 0.908935546875 0.5860294117647059 0.18212890625 0.36176470588235293
4 0.510498046875 0.8165441176470588 0.029296875 0.030882352941176472
4 0.6396484375 0.9044117647058824 0.01220703125 0.02426470588235294
4 0.677490234375 0.9955882352941177 0.02197265625 0.008823529411764706
4 0.660888671875 0.9720588235294118 0.02294921875 0.019852941176470587
4 0.638916015625 0.9588235294117647 0.02001953125 0.01764705882352941
4 0.64453125 0.9323529411764706 0.02099609375 0.026470588235294117
4 0.6259765625 0.9319852941176471 0.025390625 0.030882352941176472
4 0.54638671875 0.9481617647058823 0.0791015625 0.03897058823529412
4 0.5693359375 0.9253676470588236 0.06103515625 0.04485294117647059
4 0.60791015625 0.9636029411764706 0.04443359375 0.04852941176470588
4 0.473876953125 0.9904411764705883 0.07177734375 0.01911764705882353
4 0.365966796875 0.9518382352941176 0.060546875 0.045588235294117645
4 0.39013671875 0.9047794117647059 0.037109375 0.025735294117647058
4 0.350830078125 0.90625 0.017578125 0.01764705882352941
4 0.387451171875 0.8772058823529412 0.01904296875 0.011764705882352941
4 0.5048828125 0.6875 0.0908203125 0.04191176470588235
4 0.44677734375 0.6488970588235294 0.02197265625 0.01911764705882353
4 0.5517578125 0.7665441176470589 0.02294921875 0.021323529411764706
4 0.537109375 0.8731617647058824 0.03662109375 0.03161764705882353
4 0.48583984375 0.9632352941176471 0.0185546875 0.025735294117647058
1 0.746337890625 0.6040441176470588 0.0361328125 0.34411764705882353
1 0.90673828125 0.8941176470588236 0.154296875 0.21176470588235294
1 0.780029296875 0.6253676470588235 0.06787109375 0.3573529411764706
1 0.7958984375 0.8386029411764706 0.01123046875 0.0375