1 0.84619140625 0.6503676470588236 0.3076171875 0.6992647058823529
1 0.634765625 0.606985294117647 0.0625 0.3720588235294118
1 0.3115234375 0.5897058823529412 0.130859375 0.5345588235294118
1 0.382080078125 0.5452205882352941 0.0107421875 0.125
1 0.405029296875 0.5169117647058824 0.03466796875 0.16470588235294117
1 0.43798828125 0.5408088235294117 0.01708984375 0.1448529411764706
1 0.50830078125 0.5 0.0732421875 0.1125
1 0.5673828125 0.5753676470588235 0.0087890625 0.10294117647058823
1 0.602294921875 0.5551470588235294 0.01513671875 0.2
1 0.698974609375 0.46948529411764706 0.01806640625 0.07647058823529412
1 0.682373046875 0.7683823529411765 0.01953125 0.08676470588235294
1 0.087158203125 0.4988970588235294 0.17431640625 0.3536764705882353
4 0.460205078125 0.8113970588235294 0.02880859375 0.029411764705882353
4 0.32421875 0.8713235294117647 0.01171875 0.023529411764705882
4 0.277587890625 0.961764705882353 0.021484375 0.02426470588235294
4 0.297119140625 0.9338235294117647 0.0224609375 0.01838235294117647
4 0.31982421875 0.9253676470588236 0.01953125 0.016911764705882352
4 0.31689453125 0.8977941176470589 0.0205078125 0.025735294117647058
4 0.33544921875 0.9014705882352941 0.02490234375 0.030147058823529412
4 0.41259765625 0.9341911764705882 0.07861328125 0.03455882352941177
4 0.391845703125 0.9066176470588235 0.060546875 0.04191176470588235
4 0.350341796875 0.9367647058823529 0.04345703125 0.04632352941176471
4 0.480224609375 0.9915441176470589 0.07177734375 0.016911764705882352
4 0.591064453125 0.9753676470588235 0.06005859375 0.04264705882352941
4 0.5712890625 0.9238970588235295 0.03662109375 0.02426470588235294
4 0.610107421875 0.9334558823529412 0.01708984375 0.016911764705882352
4 0.57666015625 0.8970588235294118 0.01904296875 0.011029411764705883
4 0.47802734375 0.6845588235294118 0.09033203125 0.0375
4 0.5390625 0.6584558823529412 0.021484375 0.01764705882352941
4 0.42431640625 0.7533088235294118 0.0224609375 0.019852941176470587
4 0.4287109375 0.861764705882353 0.0361328125 0.030147058823529412
4 0.47119140625 0.961764705882353 0.01806640625 0.025
1 0.246337890625 0.5514705882352942 0.02783203125 0.34411764705882353
1 0.06591796875 0.8363970588235294 0.1318359375 0.26838235294117646
1 0.211181640625 0.5654411764705882 0.06005859375 0.3551470588235294
1 0.175537109375 0.7731617647058824 0.0107421875 0.0375