1 0.267 0.38559639909977494 0.529 0.2813203300825206
1 0.51375 0.6196549137284321 0.0685 0.24081020255063765
1 0.58375 0.6140285071267817 0.128 0.3090772693173293
1 0.63075 0.7389347336834209 0.0485 0.09977494373593399
1 0.57225 0.8278319579894974 0.1775 0.16429107276819205
1 0.56975 0.9249812453113279 0.1915 0.15003750937734434
1 0.76375 0.8495873968492123 0.2255 0.3008252063015754
1 0.79525 0.7063015753938484 0.2785 0.3983495873968492
1 0.79825 0.43698424606151537 0.2285 0.2565641410352588
1 0.81475 0.2576894223555889 0.1975 0.33833458364591146
1 0.9395 0.5056264066016504 0.1035 0.20705176294073518
1 0.56475 0.15003750937734434 0.048 0.21680420105026257
1 0.615 0.1245311327831958 0.061 0.11927981995498875
1 0.4765 0.14891222805701426 0.127 0.1980495123780945
1 0.3615 0.11440360090022506 0.111 0.2288072018004501
1 0.1565 0.12490622655663916 0.3005 0.21905476369092272
1 0.04975 0.0671417854463616 0.081 0.05026256564141035
1 0.05125 0.17854463615903976 0.09 0.08402100525131283
1 0.113 0.021005251312828207 0.205 0.042010502625656414
1 0.2425 0.6579144786196549 0.485 0.32708177044261066
1 0.06375 0.9006001500375094 0.127 0.10577644411102775
1 0.411 0.8934733683420856 0.122 0.21005251312828208
1 0.934 0.9467366841710427 0.114 0.10652663165791448