1 0.72375 0.3495873968492123 0.5415 0.36084021005251316
1 0.4945 0.6211552888222055 0.0845 0.2483120780195049
1 0.4245 0.6264066016504126 0.1475 0.32483120780195046
1 0.3865 0.7580645161290323 0.055 0.10652663165791448
1 0.451 0.8375843960990248 0.1865 0.1905476369092273
1 0.46 0.9223555888972244 0.2 0.15528882220555137
1 0.2625 0.8612153038259565 0.245 0.27756939234808703
1 0.22075 0.7513128282070518 0.3025 0.436609152288072
1 0.199 0.48424606151537886 0.2435 0.2888222055513878
1 0.17 0.3083270817704426 0.2185 0.36534133533383345
1 0.06325 0.5746436609152288 0.1165 0.22055513878469618
1 0.41125 0.16204051012753187 0.0625 0.2213053263315829
1 0.3595 0.1447861965491373 0.0685 0.1275318829707427
1 0.499 0.14703675918979744 0.139 0.21530382595648911
1 0.61025 0.10840210052513129 0.1255 0.21680420105026257
1 0.8155 0.1024006001500375 0.312 0.204801200300075
1 0.91725 0.015003750937734433 0.0835 0.030007501875468866
1 0.924 0.10990247561890473 0.0945 0.0967741935483871
1 0.75825 0.6155288822205551 0.4835 0.39984996249062266
1 0.94775 0.8300825206301575 0.1045 0.12378094523630907
1 0.61575 0.877344336084021 0.1355 0.22655663915978994
1 0.10025 0.9756189047261815 0.1215 0.04876219054763691