1 0.26458 0.39771942985746433 0.52316 0.2543060765191298
1 0.516575 0.6189872468117029 0.06315499999999998 0.23771942985746428
1 0.5864 0.6094748687171793 0.12079999999999995 0.3027231807951988
1 0.6362300000000001 0.7320030007501875 0.046460000000000036 0.09766691672918233
1 0.5798949999999999 0.8240060015003752 0.173795 0.1556339084771193
1 0.5800599999999999 0.9256039009752438 0.188125 0.14878469617404347
1 0.772205 0.8453338334583645 0.21841000000000008 0.3093248312078019
1 0.799865 0.6907276819204802 0.26973 0.38420105026256557
1 0.796535 0.421470367591898 0.22306999999999994 0.2447936984246061
1 0.809035 0.24145536384096025 0.19006999999999993 0.328867216804201
1 0.939355 0.48273068267066765 0.09871499999999991 0.20226556639159787
1 0.556575 0.14670667666916729 0.04315000000000009 0.21439609902475626
1 0.606235 0.1187171792948237 0.05846499999999992 0.11639909977494371
1 0.468245 0.15021005251312824 0.12249500000000006 0.19139534883720927
1 0.35276 0.11945236309077266 0.10552499999999998 0.22891222805701425
1 0.148 0.14295573893473368 0.296 0.203900975243811
1 0.04 0.09097524381095273 0.08 0.04591147786946738
1 0.044 0.20222805701425356 0.088 0.07936984246061514
1 0.102 0.028882220555138786 0.204 0.05776444111027757
1 0.24275 0.6714178544636159 0.4855 0.3015753938484621
1 0.073295 0.9232633158289573 0.12459 0.09909227306826718
1 0.420265 0.8978469617404351 0.11746500000000003 0.20429857464366086
1 0.9445 0.9368567141785445 0.111 0.1262790697674418