1 0.8455729166666667 0.3046875 0.1015625 0.23515625
1 0.6197916666666666 0.60625 0.4901041666666667 0.5109375
1 0.3067708333333333 0.603125 0.25625 0.42734375
1 0.21692708333333333 0.51484375 0.43385416666666665 0.6390625
1 0.7161458333333334 0.143359375 0.19270833333333334 0.1296875
1 0.98984375 0.3859375 0.0203125 0.2
1 0.9791666666666666 0.653125 0.041666666666666664 0.2765625
1 0.9044270833333333 0.628515625 0.13385416666666666 0.32109375
1 0.4161458333333333 0.151953125 0.049479166666666664 0.08515625
1 0.25703125 0.113671875 0.1109375 0.22734375
1 0.3880208333333333 0.05078125 0.12083333333333333 0.1015625
1 0.4947916666666667 0.0265625 0.109375 0.053125
1 0.6151041666666667 0.05234375 0.13125 0.09140625