1 0.17284895833333333 0.2431484375 0.08405729166666666 0.2216015625
1 0.3724375 0.5833984375 0.45870312499999993 0.42992187499999995
1 0.6834479166666667 0.6378203124999999 0.22631770833333345 0.388515625
1 0.7892552083333333 0.5683203125 0.41035416666666674 0.5683828125000001
1 0.31454166666666666 0.1065 0.18621875 0.09646875000000002
1 0.012776041666666666 0.295265625 0.025552083333333333 0.19705468750000002
1 0.010677083333333334 0.5640625 0.021354166666666667 0.275
1 0.08804166666666667 0.55378125 0.11008333333333335 0.3032265624999999
1 0.6114166666666667 0.1698515625 0.043416666666666735 0.07805468750000003
1 0.7747604166666666 0.1336328125 0.08981250000000003 0.2672578125
1 0.648046875 0.0689375 0.11430729166666656 0.09393749999999998
1 0.5438124999999999 0.0242421875 0.106109375 0.048484375
1 0.4220364583333333 0.034710937500000004 0.12685937499999997 0.06840625