1 0.14115384615384616 0.2996861924686193 0.2246153846153846 0.12238493723849372
1 0.24846153846153846 0.2630753138075314 0.054615384615384614 0.06171548117154812
1 0.34192307692307694 0.3912133891213389 0.15538461538461537 0.3043933054393305
1 0.49846153846153846 0.25418410041841005 0.07923076923076923 0.049163179916317995
1 0.4276923076923077 0.375 0.03923076923076923 0.19560669456066945
1 0.4773076923076923 0.3807531380753138 0.09076923076923077 0.14958158995815898
1 0.6284615384615385 0.41631799163179917 0.2469230769230769 0.2290794979079498
1 0.703076923076923 0.5543933054393305 0.05923076923076923 0.06276150627615062
1 0.7596153846153846 0.5543933054393305 0.04846153846153846 0.060669456066945605
1 0.6542307692307693 0.5570083682008368 0.040769230769230766 0.08891213389121339
1 0.558076923076923 0.5423640167364017 0.04230769230769231 0.1108786610878661
1 0.5892307692307692 0.2834728033472803 0.036923076923076927 0.08158995815899582
1 0.6834615384615385 0.33577405857740583 0.03769230769230769 0.038702928870292884
1 0.8261538461538461 0.26569037656903766 0.07538461538461538 0.07426778242677824
1 0.9042307692307693 0.26098326359832635 0.05153846153846154 0.038702928870292884
1 0.8911538461538462 0.30282426778242677 0.05692307692307692 0.05543933054393305
1 0.8457692307692307 0.321652719665272 0.043076923076923075 0.02510460251046025
1 0.79 0.3692468619246862 0.038461538461538464 0.08891213389121339
1 0.8326923076923077 0.5188284518828452 0.04230769230769231 0.06380753138075314
1 0.8519230769230769 0.5941422594142259 0.08615384615384615 0.16631799163179917
1 0.931923076923077 0.47960251046025104 0.09 0.27719665271966526
1 0.9761538461538461 0.23169456066945607 0.047692307692307694 0.18723849372384938
1 0.7796153846153846 0.1600418410041841 0.07384615384615385 0.056485355648535567
1 0.551923076923077 0.07479079497907949 0.09538461538461539 0.09728033472803348
1 0.13923076923076924 0.35564853556485354 0.21153846153846154 0.08472803347280335
1 0.11307692307692307 0.4408995815899582 0.15 0.13912133891213388
1 0.21615384615384614 0.4273012552301255 0.0823076923076923 0.09100418410041841
4 0.34307692307692306 0.6861924686192469 0.22076923076923077 0.08054393305439331
4 0.21153846153846154 0.6040794979079498 0.06923076923076923 0.06903765690376569
4 0.3330769230769231 0.6464435146443515 0.04923076923076923 0.0502092050209205
4 0.6211538461538462 0.6406903765690377 0.018461538461538463 0.030334728033472803
4 0.5646153846153846 0.6370292887029289 0.04923076923076923 0.04602510460251046
4 0.7734615384615384 0.6652719665271967 0.02846153846153846 0.02301255230125523
4 0.7961538461538461 0.696652719665272 0.043076923076923075 0.03765690376569038
4 0.7223076923076923 0.7154811715481172 0.06384615384615384 0.04079497907949791
4 0.6896153846153846 0.6867154811715481 0.05846153846153846 0.04079497907949791
4 0.6661538461538462 0.6521966527196653 0.07076923076923076 0.058577405857740586
4 0.6042307692307692 0.6077405857740585 0.04230769230769231 0.030334728033472803
4 0.038461538461538464 0.5350418410041841 0.04846153846153846 0.04707112970711297
4 0.08423076923076923 0.5324267782426778 0.05076923076923077 0.056485355648535567
4 0.13076923076923078 0.5350418410041841 0.03923076923076923 0.0502092050209205
4 0.17384615384615384 0.5339958158995816 0.04 0.028242677824267783
4 0.21076923076923076 0.5277196652719666 0.036153846153846154 0.038702928870292884
4 0.26153846153846155 0.5313807531380753 0.06384615384615384 0.04079497907949791
4 0.29423076923076924 0.5617154811715481 0.12153846153846154 0.07531380753138076
4 0.2026923076923077 0.6793933054393305 0.038461538461538464 0.028242677824267783
4 0.7342307692307692 0.6637029288702929 0.025384615384615384 0.02405857740585774
4 0.4684615384615385 0.5449790794979079 0.023846153846153847 0.01882845188284519
4 0.43846153846153846 0.5319037656903766 0.024615384615384615 0.02615062761506276
4 0.9226923076923077 0.8085774058577406 0.09769230769230769 0.06485355648535565
4 0.8442307692307692 0.7709205020920502 0.03538461538461538 0.034518828451882845
4 0.9065384615384615 0.9382845188284519 0.10692307692307693 0.12343096234309624