1 0.8723076923076923 0.3519874476987448 0.22076923076923077 0.09205020920502092
1 0.7680769230769231 0.3002092050209205 0.05076923076923077 0.05543933054393305
1 0.6653846153846154 0.41422594142259417 0.13538461538461538 0.2897489539748954
1 0.5203846153846153 0.2557531380753138 0.07769230769230769 0.038702928870292884
1 0.5815384615384616 0.38598326359832635 0.024615384615384615 0.19560669456066945
1 0.5315384615384615 0.3844142259414226 0.08153846153846153 0.1401673640167364
1 0.37884615384615383 0.3985355648535565 0.2353846153846154 0.19874476987447698
1 0.29384615384615387 0.5251046025104602 0.05615384615384615 0.05543933054393305
1 0.2376923076923077 0.5172594142259415 0.04461538461538461 0.05543933054393305
1 0.3423076923076923 0.5345188284518828 0.03461538461538462 0.08577405857740586
1 0.43884615384615383 0.5339958158995816 0.03461538461538462 0.10774058577405858
1 0.4276923076923077 0.2719665271966527 0.031538461538461536 0.07845188284518828
1 0.33 0.3106694560669456 0.03538461538461538 0.034518828451882845
1 0.19346153846153846 0.22071129707112971 0.07153846153846154 0.06485355648535565
1 0.11653846153846154 0.20502092050209206 0.05 0.03138075313807531
1 0.12615384615384614 0.24790794979079497 0.05384615384615385 0.049163179916317995
1 0.17 0.2735355648535565 0.04230769230769231 0.01882845188284519
1 0.22153846153846155 0.3284518828451883 0.03230769230769231 0.08577405857740586
1 0.1676923076923077 0.47123430962343094 0.038461538461538464 0.0596234309623431
1 0.1426923076923077 0.5434100418410042 0.07461538461538461 0.1579497907949791
1 0.07192307692307692 0.41841004184100417 0.07076923076923076 0.2709205020920502
1 0.03230769230769231 0.16161087866108786 0.06461538461538462 0.1788702928870293
1 0.24807692307692308 0.12238493723849372 0.07153846153846154 0.04707112970711297
1 0.48115384615384615 0.06956066945606694 0.09076923076923077 0.08577405857740586
1 0.87 0.4074267782426778 0.21076923076923076 0.05543933054393305
1 0.8896153846153846 0.49581589958158995 0.14307692307692307 0.1202928870292887
1 0.7880769230769231 0.46809623430962344 0.07692307692307693 0.08158995815899582
4 0.6415384615384615 0.7071129707112971 0.22076923076923077 0.0502092050209205
4 0.7792307692307693 0.6443514644351465 0.06538461538461539 0.060669456066945605
4 0.6546153846153846 0.6694560669456067 0.046153846153846156 0.04497907949790795
4 0.3688461538461538 0.6223849372384938 0.016923076923076923 0.028242677824267783
4 0.42538461538461536 0.627092050209205 0.04692307692307692 0.0397489539748954
4 0.215 0.6255230125523012 0.027692307692307693 0.01882845188284519
4 0.19038461538461537 0.6532426778242678 0.04153846153846154 0.032426778242677826
4 0.2623076923076923 0.6825313807531381 0.06230769230769231 0.032426778242677826
4 0.29730769230769233 0.6589958158995816 0.05692307692307692 0.03347280334728033
4 0.3230769230769231 0.6276150627615062 0.06846153846153846 0.049163179916317995
4 0.3880769230769231 0.5925732217573222 0.040769230769230766 0.02510460251046025
4 0.9561538461538461 0.600418410041841 0.046153846153846156 0.04184100418410042
4 0.9107692307692308 0.5915271966527197 0.047692307692307694 0.051255230125523014
4 0.8646153846153846 0.5873430962343096 0.036153846153846154 0.04602510460251046
4 0.821923076923077 0.5800209205020921 0.03923076923076923 0.02301255230125523
4 0.7853846153846153 0.5690376569037657 0.03461538461538462 0.034518828451882845
4 0.7346153846153847 0.5653765690376569 0.06230769230769231 0.032426778242677826
4 0.7 0.5904811715481172 0.11923076923076924 0.0596234309623431
4 0.7819230769230769 0.7207112970711297 0.036923076923076927 0.02301255230125523
4 0.25461538461538463 0.62918410041841 0.023846153846153847 0.02092050209205021
4 0.5280769230769231 0.549163179916318 0.023076923076923078 0.015690376569037656
4 0.5588461538461539 0.5407949790794979 0.023076923076923078 0.02301255230125523
4 0.05576923076923077 0.7468619246861925 0.09538461538461539 0.051255230125523014
4 0.13692307692307693 0.7207112970711297 0.033846153846153845 0.030334728033472803
4 0.06153846153846154 0.8802301255230126 0.09923076923076923 0.11506276150627615