1 0.12254615384615385 0.3786506276150628 0.21817692307692307 0.07652719665271963
1 0.22446923076923078 0.31939330543933053 0.04893846153846154 0.05214435146443517
1 0.3315 0.4261297071129707 0.12454615384615382 0.2813075313807532
1 0.4701076923076923 0.257520920502092 0.07676153846153844 0.032991631799163174
1 0.41419230769230775 0.3919351464435146 0.016846153846153917 0.19461297071129716
1 0.4640230769230769 0.3869246861924686 0.07612307692307695 0.1349163179916318
1 0.6172 0.38997907949790794 0.22863076923076925 0.1828451882845189
1 0.7069461538461538 0.5102615062761507 0.054269230769230736 0.052071129707113
1 0.7627076923076923 0.4987133891213389 0.0427230769230769 0.052510460251046075
1 0.658876923076923 0.5233263598326361 0.03120769230769226 0.0834414225941423
1 0.5624076923076923 0.5294246861924686 0.03059230769230768 0.1060983263598327
1 0.5633692307692307 0.26732217573221756 0.028669230769230756 0.07612970711297068
1 0.6624 0.2989121338912134 0.03440769230769232 0.0321025104602511
1 0.7953923076923077 0.19934100418410042 0.06963076923076922 0.060470711297071135
1 0.8716692307692309 0.17799163179916316 0.04909999999999994 0.028232217573221766
1 0.8636538461538461 0.2217887029288703 0.052307692307692305 0.04520920502092047
1 0.8208692307692309 0.2503242677824268 0.041746153846153836 0.01600418410041842
1 0.7713615384615384 0.30893305439330543 0.029253846153846134 0.08352510460251049
1 0.8306461538461538 0.4477301255230125 0.03629230769230757 0.056882845188284514
1 0.8585230769230768 0.5178765690376569 0.06897692307692313 0.15359832635983267
1 0.9243846153846155 0.3877928870292887 0.060307692307692375 0.2673849372384937
1 0.9621461538461539 0.12895397489539748 0.07417692307692295 0.17335774058577402
1 0.7369076923076924 0.105 0.0699692307692308 0.04176778242677825
1 0.5023307692307692 0.06882845188284518 0.0876538461538462 0.07925732217573223
1 0.12687692307692308 0.43400627615062765 0.20952307692307692 0.04076359832635986
1 0.11085384615384616 0.5237552301255229 0.13902307692307694 0.11046025104602512
1 0.21116923076923075 0.4884623430962343 0.07426153846153846 0.07648535564853556
4 0.36659230769230766 0.7170292887029289 0.21971538461538462 0.03412133891213378
4 0.22686923076923077 0.6640794979079498 0.06336153846153847 0.0563702928870294
4 0.35217692307692305 0.6802092050209205 0.04473846153846151 0.04154811715481174
4 0.6357999999999999 0.6130962343096235 0.015830769230769176 0.027625523012552385
4 0.5793923076923078 0.6216004184100419 0.04533076923076928 0.036778242677824355
4 0.7893076923076923 0.6052615062761506 0.02669230769230764 0.0171757322175733
4 0.8152615384615384 0.6311820083682008 0.04014615384615389 0.029801255230125532
4 0.7442769230769231 0.665387029288703 0.06163076923076915 0.027604602510460357
4 0.7087076923076924 0.6442573221757322 0.05586923076923068 0.029790794979079518
4 0.6814615384615385 0.6150627615062761 0.06677692307692304 0.04462343096234318
4 0.6152846153846154 0.5843410041841004 0.040192307692307694 0.02240585774058585
4 0.04836923076923077 0.632928870292887 0.04481538461538462 0.038514644351464365
4 0.09323846153846153 0.6205020920502092 0.046084615384615384 0.04766736401673634
4 0.13938461538461538 0.6130962343096235 0.03453846153846152 0.043315899581590045
4 0.1816846153846154 0.602855648535565 0.038376923076923065 0.02021966527196645
4 0.21757692307692308 0.5891317991631799 0.033238461538461564 0.03199790794979071
4 0.26821538461538463 0.5817259414225942 0.06142307692307694 0.027635983263598403
4 0.3037846153846154 0.6048221757322176 0.11717692307692311 0.05115062761506286
4 0.2268769230769231 0.7403451882845188 0.036438461538461545 0.020606694560669502
4 0.7500461538461538 0.6117887029288703 0.02317692307692316 0.019780334728033557
4 0.47396153846153843 0.551223849372385 0.02292307692307689 0.013702928870292792
4 0.44287692307692306 0.5446861924686193 0.022284615384615406 0.02154811715481168
4 0.953076923076923 0.7149581589958159 0.09384615384615384 0.04497907949790795
4 0.8710230769230769 0.694581589958159 0.032438461538461597 0.028472803347280362
4 0.9523076923076923 0.8483263598326359 0.09538461538461539 0.1087866108786611