2 0.3974666666666667 0.8518791946308726 0.07084444444444443 0.29624161073825495
2 0.6435777777777778 0.5274496644295302 0.04271111111111117 0.32966442953020136
2 0.7666666666666667 0.6241610738255033 0.78 0.6241610738255033 0.7866666666666666 0.6006711409395973 0.8022222222222222 0.5906040268456376 0.7933333333333333 0.5335570469798657 0.7977777777777778 0.4966442953020134 0.8177777777777778 0.47315436241610737 0.8311111111111111 0.47315436241610737 0.8244444444444444 0.4664429530201342 0.8377777777777777 0.4429530201342282 0.8311111111111111 0.39932885906040266 0.8577777777777778 0.30201342281879195 0.8288888888888889 0.30201342281879195 0.8222222222222222 0.3422818791946309 0.7955555555555556 0.3724832214765101 0.7844444444444445 0.3691275167785235 0.7644444444444445 0.4563758389261745 0.7533333333333333 0.6040268456375839 0.7666666666666667 0.6241610738255033
2 0.6980444444444445 0.20241610738255034 0.04608888888888891 0.32
2 0.40626666666666666 0.3802013422818792 0.056955555555555544 0.1414765100671141
2 0.5172 0.3629530201342282 0.06588888888888884 0.09580536912751682
2 0.2048888888888889 0.18963087248322147 0.02646666666666666 0.12942953020134232
2 0.31722222222222224 0.11275167785234899 0.0807333333333333 0.10429530201342281
2 0.9588888888888889 0.7768456375838926 0.08222222222222222 0.19798657718120805
2 0.8333333333333334 0 0.8066666666666666 0.020134228187919462 0.8066666666666666 0.12751677852348994 0.8133333333333334 0.1476510067114094 0.8688888888888889 0.15436241610738255 0.8755555555555555 0.17114093959731544 0.8688888888888889 0.20134228187919462 0.8511111111111112 0.2214765100671141 0.8577777777777778 0.2348993288590604 0.8488888888888889 0.2785234899328859 0.88 0.29194630872483224 0.8844444444444445 0.27181208053691275 0.9044444444444445 0.28187919463087246 0.9044444444444445 0.30201342281879195 0.9133333333333333 0.3087248322147651 0.9933333333333333 0.3187919463087248 0.9977777777777778 0.18791946308724833 0.9733333333333334 0.18120805369127516 0.9733333333333334 0.15771812080536912 0.9911111111111112 0.12751677852348994 0.8711111111111111 0 0.8333333333333334 0
2 0.7202666666666667 0.8812416107382551 0.14237777777777763 0.23751677852348985