2 0.4311111111111111 0.8573825503355704 0.09777777777777778 0.28523489932885904
2 0.6444444444444445 0.4966442953020134 0.07333333333333333 0.33557046979865773
2 0.8122109977777778 0.40663121476510067 0.825414571111111 0.40382907046979866 0.8181942377777778 0.3985840503355705 0.8292328977777778 0.37252057382550335 0.8186105533333333 0.330722033557047 0.8360487688888889 0.22874937919463087 0.8074410244444444 0.23482068791946306 0.8045505199999999 0.27609832550335567 0.7809268333333333 0.3116100369127517 0.7696145822222222 0.3106221073825503 0.7578503333333333 0.4012245503355705 0.7604553911111112 0.5497737483221476 0.7755146066666667 0.5669098859060403 0.78871818 0.5641077449664429 0.7931550533333334 0.5394453422818792 0.8076314022222222 0.526207033557047 0.7935713688888889 0.47158332550335574 0.7945705511111112 0.43409575838926173 0.8122109977777778 0.40663121476510067
2 0.6688888888888889 0.1644295302013423 0.07555555555555556 0.32550335570469796
2 0.39666666666666667 0.401006711409396 0.06888888888888889 0.15100671140939598
2 0.5044444444444445 0.36073825503355705 0.07333333333333333 0.10738255033557047
2 0.17888888888888888 0.2550335570469799 0.03777777777777778 0.1342281879194631
2 0.2833333333333333 0.15436241610738255 0.08888888888888889 0.12080536912751678
2 0.9644444444444444 0.6778523489932886 0.07111111111111111 0.21476510067114093
2 0.7631458244444445 0 0.7693528422222222 0.06669246979865771 0.777810271111111 0.08522968456375839 0.833443711111111 0.0802001812080537 0.8415918666666666 0.0954143456375839 0.8377735399999999 0.1267228422818792 0.8220244155555555 0.1503973154362416 0.8298632977777778 0.16228843288590605 0.8250814711111111 0.207356144295302 0.8571269044444445 0.2141099966442953 0.8596724555555555 0.1932376677852349 0.8804056377777778 0.19900359395973155 0.88226128 0.21894187919463087 0.8916822088888889 0.22371987583892616 0.9718314755555556 0.2168761610738255 0.9641709977777778 0.08634327181208054 0.9393458977777778 0.08483443959731544 0.9371809822222222 0.06157310738255034 0.9520022866666666 0.027929493288590602 0.9159119755555556 0 0.7631458244444445 0
2 0.7533333333333333 0.8305369127516778 0.1622222222222222 0.2651006711409396