2 0.6022222222222222 0.8523489932885906 0.07111111111111111 0.2953020134228188
2 0.3566666666666667 0.5268456375838926 0.042222222222222223 0.3288590604026846
2 0.14222222222222222 0.30201342281879195 0.1688888888888889 0.39932885906040266 0.1622222222222222 0.4429530201342282 0.17555555555555555 0.4664429530201342 0.1688888888888889 0.47315436241610737 0.18222222222222223 0.47315436241610737 0.20222222222222222 0.4966442953020134 0.20666666666666667 0.5335570469798657 0.19777777777777777 0.5906040268456376 0.21333333333333335 0.6006711409395973 0.22 0.6241610738255033 0.23333333333333334 0.6241610738255033 0.24666666666666667 0.6040268456375839 0.23555555555555555 0.4563758389261745 0.21555555555555556 0.3691275167785235 0.20444444444444446 0.3724832214765101 0.17777777777777778 0.3422818791946309 0.1711111111111111 0.30201342281879195 0.14222222222222222 0.30201342281879195
2 0.3022222222222222 0.20302013422818793 0.04666666666666667 0.3187919463087248
2 0.5933333333333334 0.3808724832214765 0.057777777777777775 0.14093959731543623
2 0.48333333333333334 0.3624161073825503 0.06666666666666667 0.09731543624161074
2 0.7955555555555556 0.18959731543624161 0.02666666666666667 0.13087248322147652
2 0.6822222222222222 0.11241610738255034 0.08 0.1040268456375839
2 0.04111111111111111 0.7768456375838926 0.08222222222222222 0.19798657718120805
2 0.1288888888888889 0 0.008888888888888889 0.12751677852348994 0.02666666666666667 0.15771812080536912 0.02666666666666667 0.18120805369127516 0.0022222222222222222 0.18791946308724833 0.006666666666666667 0.3187919463087248 0.08666666666666667 0.3087248322147651 0.09555555555555556 0.30201342281879195 0.09555555555555556 0.28187919463087246 0.11555555555555555 0.27181208053691275 0.12 0.29194630872483224 0.1511111111111111 0.2785234899328859 0.14222222222222222 0.2348993288590604 0.14888888888888888 0.2214765100671141 0.13111111111111112 0.20134228187919462 0.12444444444444444 0.17114093959731544 0.13111111111111112 0.15436241610738255 0.18666666666666668 0.1476510067114094 0.19333333333333333 0.12751677852348994 0.19333333333333333 0.020134228187919462 0.16666666666666666 0 0.1288888888888889 0
2 0.28 0.8808724832214765 0.14222222222222222 0.23825503355704697