1 0.6061538461538462 0.5015690376569037 0.7484615384615385 0.09623430962343096
1 0.6507692307692308 0.24633891213389122 0.1376923076923077 0.0502092050209205
1 0.7373076923076923 0.6919456066945606 0.10846153846153846 0.19351464435146443
1 0.6353846153846154 0.7677824267782427 0.09692307692307692 0.03765690376569038
1 0.6096153846153847 0.8106694560669456 0.04923076923076923 0.053347280334728034
1 0.9496153846153846 0.7442468619246861 0.07384615384615385 0.22594142259414227
1 0.8803846153846154 0.799163179916318 0.06769230769230769 0.06799163179916318
1 0.821923076923077 0.7792887029288703 0.03538461538461538 0.030334728033472803
1 0.6030769230769231 0.5768828451882845 0.15307692307692308 0.06485355648535565
1 0.3657692307692308 0.6705020920502092 0.06615384615384616 0.20502092050209206
1 0.20423076923076924 0.5648535564853556 0.2676923076923077 0.08158995815899582
1 0.14884615384615385 0.7123430962343096 0.05846153846153846 0.22489539748953974
1 0.12346153846153846 0.7751046025104602 0.2469230769230769 0.09832635983263599
1 0.28692307692307695 0.7609832635983264 0.08076923076923077 0.038702928870292884
1 0.26153846153846155 0.7939330543933054 0.02923076923076923 0.0198744769874477
1 0.027307692307692307 0.6893305439330544 0.054615384615384614 0.06485355648535565
1 0.15615384615384614 0.15481171548117154 0.05076923076923077 0.06694560669456066
1 0.3273076923076923 0.023535564853556484 0.05615384615384615 0.04707112970711297