1 0.6053846153846154 0.4837866108786611 0.7484615384615385 0.14958158995815898
1 0.6269230769230769 0.223326359832636 0.13846153846153847 0.0596234309623431
1 0.7526923076923077 0.6511506276150628 0.11538461538461539 0.200836820083682
1 0.6584615384615384 0.7432008368200836 0.09846153846153846 0.04497907949790795
1 0.6365384615384615 0.7902719665271967 0.05076923076923077 0.056485355648535567
1 0.9634615384615385 0.6673640167364017 0.07307692307692308 0.2301255230125523
1 0.9046153846153846 0.733786610878661 0.07 0.07217573221757322
1 0.8442307692307692 0.7243723849372385 0.036923076923076927 0.032426778242677826
1 0.6092307692307692 0.5591004184100419 0.15461538461538463 0.07531380753138076
1 0.3819230769230769 0.6914225941422594 0.07384615384615385 0.20815899581589958
1 0.2123076923076923 0.6129707112970711 0.27 0.100418410041841
1 0.17038461538461538 0.7688284518828452 0.06692307692307692 0.2280334728033473
1 0.14961538461538462 0.8357740585774058 0.2523076923076923 0.11506276150627615
1 0.3119230769230769 0.7944560669456067 0.08153846153846153 0.043933054393305436
1 0.2896153846153846 0.8310669456066946 0.03 0.021966527196652718
1 0.04692307692307692 0.766213389121339 0.06 0.06903765690376569
1 0.1276923076923077 0.21443514644351463 0.05307692307692308 0.0700836820083682
1 0.2853846153846154 0.05073221757322176 0.057692307692307696 0.060669456066945605