1 0.3938 0.4963075313807532 0.7472076923076924 0.060794979079497914
1 0.3557 0.23921548117154812 0.13640000000000005 0.04346234309623432
1 0.2577923076923077 0.6806276150627615 0.10405384615384614 0.18882845188284517
1 0.35778461538461537 0.7610355648535564 0.09633846153846154 0.033232217573221735
1 0.38262307692307695 0.8052719665271967 0.047938461538461576 0.051087866108786524
1 0.04452307692307692 0.7226778242677824 0.0678923076923077 0.22324267782426785
1 0.11198461538461539 0.7808682008368201 0.06626923076923079 0.06504184100418417
1 0.17126923076923078 0.7640899581589958 0.03485384615384616 0.02888075313807521
1 0.3949538461538462 0.5719142259414226 0.1514461538461539 0.05770920502092058
1 0.6297076923076923 0.676705020920502 0.06133846153846154 0.20190376569037655
1 0.7937769230769232 0.5786715481171548 0.2664 0.06859832635983255
1 0.8455461538461538 0.7289958158995815 0.052630769230769286 0.22280334728033474
1 0.8705461538461539 0.7928451882845189 0.24744615384615382 0.08639121338912126
1 0.7063 0.7708472803347279 0.07990769230769239 0.03453974895397487
1 0.7306615384615385 0.8048326359832636 0.028623076923076952 0.018838912133891203
1 0.9686076923076924 0.7115794979079497 0.056453846153846056 0.06244769874476992
1 0.8524384615384616 0.17123430962343095 0.04910769230769242 0.06440376569037656
1 0.6849923076923077 0.027217573221757323 0.05459230769230771 0.054435146443514645