1 0.69675071125 0.8277855996240602 0.7343259025000001 0.8289553045112783 0.74031786 0.7259652518796992 0.738589985 0.7125297744360902 0.7099493875 0.7087617612781955 0.6971080275 0.7353755187969925 0.6912871075 0.8138586428571429 0.69675071125 0.8277855996240602
1 0.62773284375 0.7847416503759398 0.62749971375 0.831882962406015 0.67899047 0.8311096672932331 0.6848430012500001 0.8167846033834586 0.6889208062500001 0.7682622218045113 0.67696624375 0.7364993872180451 0.6521703212500001 0.7313503082706767 0.64393624875 0.7434751748120301 0.641056835 0.7713995432330827 0.62773284375 0.7847416503759398
1 0.6196381975 0.7082015263157895 0.54979562375 0.7008997838345865 0.54234053375 0.8074711033834587 0.5838541025 0.848783417293233 0.6111405125 0.8542601484962407 0.6196381975 0.7082015263157895
1 0.43560691875 0.7009719360902256 0.43951368625 0.6769564868421053 0.375087865 0.6628198646616541 0.36864375875 0.66574582518797 0.36539066 0.6785259962406015 0.36960901999999995 0.6922891278195489 0.43560691875 0.7009719360902256
1 0.2587366375 0.8078972236842106 0.26810588 0.6468582312030076 0.22679495875 0.6451970469924811 0.21775255125 0.8006184003759399 0.22127039125 0.8048549736842106 0.24595737 0.8118765977443608 0.2587366375 0.8078972236842106
1 0.1357843775 0.7860607537593985 0.15614405 0.7811917932330827 0.16560699625000003 0.6616764755639097 0.16226019375 0.6329329718045114 0.1284207325 0.6322547481203008 0.12074775374999999 0.7425711597744361 0.12236668249999999 0.7578791842105264 0.1357843775 0.7860607537593985
1 0.90602893125 0.7892778627819549 0.9110567575 0.8106950056390977 0.9062784325 0.8496908270676692 0.9578628925 0.8904412067669173 0.9729907274999999 0.8897464229323309 0.9811999324999999 0.8513057537593984 0.973754705 0.8113961484962406 0.9796998100000001 0.687644257518797 0.97559039375 0.6720085808270676 0.92648117875 0.6749820751879699 0.91678397375 0.6906882086466165 0.910542515 0.7332652951127819 0.90602893125 0.7892778627819549
1 0.89516381625 0.7387895620300752 0.87941143125 0.7291696315789474 0.8695431875 0.7693826936090226 0.8904944362499999 0.7759128383458647 0.894665945 0.7689141315789474 0.89516381625 0.7387895620300752
1 0.25885969375 0.6116779567669173 0.250952455 0.6181851823308271 0.2576613025 0.6322759680451128 0.2811030375 0.639133765037594 0.49312124500000004 0.6613666466165413 0.49610960249999997 0.6315697293233082 0.48182035 0.6183685319548872 0.34792564125 0.6120743665413534 0.2699110875 0.5942631052631578 0.25984019625 0.5948250394736841 0.25885969375 0.6116779567669173
1 0.15225139375 0.610860522556391 0.1579328875 0.6210423872180451 0.23524692125000002 0.6293270883458646 0.243480995 0.6172022236842105 0.23070539875 0.5980847894736842 0.20634763625000002 0.5957783909774436 0.18980039875 0.59270325 0.17410518625000002 0.5852494304511278 0.16041791375 0.5843468609022556 0.15225139375 0.610860522556391
1 0.03730120625 0.774991 0.04878837875 0.750085962406015 0.05345776 0.7129626879699248 0.050702531249999995 0.6956182894736842 0.03121441625 0.6855068778195489 0.02579766375 0.6923417575187969 0.01949411375 0.7575532293233083 0.023603529999999998 0.7731889078947368 0.03730120625 0.774991
1 0.8261470774999999 0.8466961109022557 0.8302096412500001 0.8415699530075188 0.8350032075 0.7591779097744361 0.81643350125 0.7548479642857143 0.8010548024999999 0.7603722312030076 0.7981601475 0.8316928214285714 0.8037326975000001 0.8437472330827068 0.8261470774999999 0.8466961109022557
1 0.02843483625 0 0.02471894125 0.063869 0.050869051250000005 0.0673093590225564 0.07957174125 0.04844298684210526 0.08673160875000001 0.011647364661654136 0.08367041374999999 0 0.02843483625 0