1 0.2695275925 0.8350549041353383 0.307083485 0.8328992462406015 0.3123846225 0.8188310206766918 0.30565372625 0.7405126165413535 0.29250544625 0.71423992481203 0.26391294125000003 0.7187590131578947 0.26234126125 0.7322377913533834 0.2695275925 0.8350549041353383
1 0.325805485 0.7411077086466165 0.31422137875 0.7731794436090226 0.31886170625 0.8215874154135338 0.3248796 0.8357567030075188 0.37637149000000003 0.8351785469924812 0.37559128 0.788050530075188 0.36211447125 0.775060135338346 0.35891141 0.7472155864661654 0.3505378725 0.7353086635338346 0.325805485 0.7411077086466165
1 0.46123437875 0.8085354680451128 0.45254357375 0.7021760338345865 0.38279638 0.7113096278195489 0.392987905 0.8571229887218046 0.4202065975 0.8509309812030076 0.46123437875 0.8085354680451128
1 0.63260279875 0.6888378308270676 0.636660785 0.6749660883458646 0.63325985625 0.6622732387218045 0.6267827725 0.6595168439849624 0.56253083125 0.6753421184210526 0.56671572375 0.6992513815789474 0.63260279875 0.6888378308270676
1 0.75762353125 0.8051619473684211 0.7822252575 0.7974935018796993 0.78569339375 0.7931652518796992 0.7748485650000001 0.6380048796992481 0.7335632162500001 0.640749984962406 0.74480002625 0.8015185620300752 0.75762353125 0.8051619473684211
1 0.84706704875 0.772124734962406 0.86748012875 0.7764586296992481 0.88056870875 0.7479292161654135 0.88200972875 0.7325810357142857 0.8730576025000001 0.6224827969924812 0.8392311675 0.624049007518797 0.8362184662500001 0.6528759680451128 0.84706704875 0.772124734962406
1 0.09222725375 0.7440041372180451 0.08549260374999999 0.7015973345864661 0.07561459250000001 0.6861480921052632 0.026478346250000003 0.6844638815789474 0.02255102125 0.7002050263157895 0.029931467500000003 0.823782045112782 0.022950558750000002 0.8638809642857143 0.03160465 0.9021003364661654 0.04673824375 0.9023979943609023 0.09784190499999999 0.8603000281954888 0.09261172875 0.8214355488721805 0.09739022374999999 0.7998897161654136 0.09222725375 0.7440041372180451
1 0.13363951 0.779040037593985 0.12330606375 0.7390920845864661 0.107667725 0.7491239605263158 0.10851514125 0.7792308740601503 0.11276724125 0.7861190375939849 0.13363951 0.779040037593985
1 0.6533519149999999 0.6080662236842106 0.51955064875 0.6178733928571428 0.50541678375 0.6314475902255638 0.508750505 0.6611615413533835 0.7204783899999999 0.633367795112782 0.74383696375 0.6258958308270677 0.7503812537500001 0.6116311240601504 0.7423996975 0.6053324078947369 0.7412237512500001 0.5885077894736842 0.7311478725 0.5882102443609022 0.6533519149999999 0.6080662236842106
1 0.79471922875 0.5880571259398496 0.77039194375 0.5910024248120301 0.7578401675 0.6104522312030075 0.76621370625 0.6223591541353384 0.8434198137500001 0.6120466672932331 0.8489822725 0.6017172462406015 0.8405092825 0.5754219473684211 0.82683457 0.5766835921052632 0.8112282562500001 0.5845481842105262 0.79471922875 0.5880571259398496
1 0.9514993549999999 0.6837970338345865 0.9489458437499999 0.7012110996240601 0.95404536 0.7382061766917293 0.96581982625 0.7628059473684211 0.9794945025 0.7606446447368421 0.9834218275000001 0.7449034999999999 0.9763624025 0.6798673928571429 0.97086715 0.673175712406015 0.9514993549999999 0.6837970338345865
1 0.17380486 0.8501840244360903 0.17792629875 0.8552027838345865 0.2003030425 0.8516661071428572 0.20573484 0.8394672838345865 0.20201289125 0.7682335244360903 0.18657242 0.7631136992481203 0.168055795 0.7679303327067669 0.17380486 0.8501840244360903
1 0.9077562175 0 0.90753770125 0.0008758364661654135 0.9151235212500001 0.0374779492481203 0.9440408012499999 0.05558816917293233 0.9701470012500001 0.051462045112781955 0.9665500962500001 0 0.9077562175 0