1 0.285 0.8007518796992481 0.29125 0.7875939849624061 0.29 0.7086466165413534 0.27875 0.6804511278195489 0.25 0.6804511278195489 0.2475 0.693609022556391 0.2475 0.7969924812030075 0.285 0.8007518796992481
1 0.3025 0.806390977443609 0.35375 0.8139097744360902 0.35625 0.7669172932330827 0.34375 0.7518796992481203 0.3425 0.7236842105263158 0.335 0.7105263157894737 0.31 0.7124060150375939 0.29625 0.7424812030075187 0.2975 0.7913533834586466 0.3025 0.806390977443609
1 0.39625 0.8364661654135338 0.44 0.8007518796992481 0.43875 0.693609022556391 0.36875 0.6917293233082706 0.36875 0.8383458646616542 0.39625 0.8364661654135338
1 0.61875 0.7086466165413534 0.62375 0.6954887218045113 0.62125 0.6823308270676691 0.615 0.6785714285714286 0.55 0.6842105263157895 0.5525 0.7086466165413534 0.61875 0.7086466165413534
1 0.735 0.8439849624060151 0.76 0.8402255639097744 0.76375 0.8364661654135338 0.76375 0.6804511278195489 0.7225 0.6766917293233082 0.7225 0.8383458646616542 0.735 0.8439849624060151
1 0.84625 0.8327067669172933 0.86125 0.806390977443609 0.86375 0.7913533834586466 0.8625 0.6804511278195489 0.82875 0.6766917293233082 0.82375 0.7048872180451128 0.82625 0.825187969924812 0.84625 0.8327067669172933
1 0.00027 0.7869022556390978 0.00622 0.8262725563909774 0.02125 0.8289473684210527 0.075 0.7951127819548872 0.0725 0.7556390977443609 0.07875 0.7349624060150376 0.0775 0.6785714285714286 0.07375 0.6353383458646616 0.065 0.618421052631579 0.01625 0.6090225563909775 0.01125 0.6240601503759399 0.01 0.7481203007518797 0.00027 0.7869022556390978
1 0.095 0.7236842105263158 0.11625 0.7199248120300752 0.10875 0.6785714285714286 0.0925 0.6860902255639098 0.09125 0.7161654135338346 0.095 0.7236842105263158
1 0.71 0.6672932330827067 0.73375 0.6635338345864662 0.74125 0.650375939849624 0.73375 0.6428571428571429 0.73375 0.6259398496240601 0.72375 0.6240601503759399 0.645 0.631578947368421 0.51125 0.6203007518796992 0.49625 0.631578947368421 0.4975 0.6616541353383458 0.71 0.6672932330827067
1 0.75625 0.6635338345864662 0.83375 0.6654135338345865 0.84 0.6560150375939849 0.83340125 0.6285319548872181 0.8197137499999999 0.6276372180451129 0.80364625 0.6330056390977444 0.78698375 0.6339003759398496 0.762585 0.6330056390977444 0.74875 0.650375939849624 0.75625 0.6635338345864662
1 0.935 0.8082706766917294 0.945 0.8345864661654135 0.95875 0.8345864661654135 0.96375 0.8195488721804511 0.96125 0.7537593984962406 0.95625 0.7462406015037594 0.93625 0.7537593984962406 0.9325 0.7706766917293233 0.935 0.8082706766917294
1 0.155 0.8026315789473685 0.1775 0.8026315789473685 0.18375 0.7913533834586466 0.185 0.7199248120300752 0.17 0.7124060150375939 0.15125 0.7142857142857143 0.15125 0.7969924812030075 0.155 0.8026315789473685
1 0.945 0.10526315789473684 0.9725 0.12781954887218044 0.99875 0.12781954887218044 0.99875 0.02443609022556391 0.96875 0.022556390977443608 0.9475 0.045112781954887216 0.94 0.06766917293233082 0.945 0.10526315789473684