2 0.836027713625866 0.4737410071942446 0.3094688221709007 0.29640287769784174
2 0.6125866050808314 0.38489208633093525 0.23210161662817552 0.12158273381294964
2 0.7407621247113164 0.18597122302158273 0.1997690531177829 0.13597122302158274
2 0.5687066974595842 0.20179856115107914 0.1766743648960739 0.06690647482014389
2 0.38625866050808316 0.17410071942446043 0.16166281755196305 0.08345323741007195
2 0.17321016166281755 0.24820143884892087 0.07967667436489607 0.07841726618705036
2 0.15300230946882218 0.1485611510791367 0.1905311778290993 0.11007194244604317
2 0.0687066974595843 0.7197841726618706 0.1374133949191686 0.2223021582733813
2 0.8602771362586605 0.8140287769784172 0.1720554272517321 0.06906474820143885
2 0.9330254041570438 0.6618705035971223 0.07274826789838337 0.0618705035971223
2 0.6131639722863741 0.539568345323741 0.12240184757505773 0.05539568345323741
2 0.09411085450346421 0.4996402877697842 0.13048498845265588 0.06762589928057554
2 0.37528868360277134 0.28561151079136693 0.053117782909930716 0.03741007194244604
2 0.5733256351039261 0.2935251798561151 0.06812933025404157 0.03884892086330935
2 0.733256351039261 0.29676258992805754 0.10623556581986143 0.06906474820143885
2 0.6893764434180139 0.08453237410071943 0.12471131639722864 0.0985611510791367
2 0.3539260969976905 0.8622302158273382 0.054272517321016164 0.031654676258992806
2 0.8625866050808314 0.7241007194244604 0.07390300230946882 0.06402877697841726
2 0.30600461893764436 0.370863309352518 0.28983833718244806 0.07625899280575539