2 0.17153579676674366 0.4483093525179856 0.25739030023094683 0.27885611510791364
2 0.4109122401847575 0.3773525179856115 0.2128060046189376 0.10625899280575543
2 0.3223903002309469 0.17019424460431654 0.17737875288683605 0.12360431654676261
2 0.4901732101616628 0.19897122302158274 0.16741339491916862 0.054539568345323766
2 0.6768360277136258 0.18506474820143887 0.14812933025404154 0.07276978417266186
2 0.8735103926096998 0.2747338129496403 0.06571593533487308 0.07369064748201444
2 0.9133949191685913 0.1773884892086331 0.17321016166281755 0.09770503597122304
2 0.918013856812933 0.7535251798561152 0.16397228637413394 0.21113669064748203
2 0.08083140877598152 0.7844748201438849 0.16166281755196305 0.057194244604316546
2 0.03836027713625866 0.6279064748201438 0.06184757505773672 0.057733812949640285
2 0.3801039260969977 0.530568345323741 0.11356812933025406 0.047223021582733886
2 0.9031408775981524 0.5305611510791367 0.12036951501154736 0.05872661870503605
2 0.6656812933025404 0.2965611510791367 0.04729792147806009 0.03388489208633095
2 0.46786374133949193 0.2896043165467626 0.061951501154734384 0.03436690647482013
2 0.30814087759815245 0.2804892086330935 0.09434180138568131 0.062179856115107957
2 0.3935796766743649 0.07333093525179857 0.10817551963048493 0.0910359712230216
2 0.5740877598152425 0.8707913669064749 0.048856812933025476 0.02838848920863312
2 0.09608545034642031 0.6950431654676259 0.06282909930715935 0.059625899280575455
2 0.718013856812933 0.38646762589928063 0.28128175519630483 0.05543165467625896