2 0.17032332563510394 0.45179856115107914 0.26558891454965355 0.28129496402877696
2 0.407621247113164 0.37841726618705035 0.21593533487297922 0.10863309352517986
2 0.312933025404157 0.1723021582733813 0.1812933025404157 0.1251798561151079
2 0.4815242494226328 0.19928057553956835 0.16859122401847576 0.05611510791366906
2 0.668013856812933 0.1830935251798561 0.15011547344110854 0.07410071942446043
2 0.8672055427251733 0.270863309352518 0.06812933025404157 0.07410071942446043
2 0.9041570438799076 0.17302158273381296 0.17551963048498845 0.09928057553956834
2 0.9197459584295612 0.7489208633093525 0.1605080831408776 0.21294964028776978
2 0.08891454965357967 0.7888489208633094 0.1628175519630485 0.058992805755395686
2 0.04214780600461894 0.6327338129496403 0.06351039260969978 0.05827338129496403
2 0.3810623556581986 0.5320143884892087 0.11431870669745958 0.04820143884892086
2 0.9041570438799076 0.5262589928057554 0.12240184757505773 0.05971223021582734
2 0.6599307159353349 0.2949640287769784 0.04849884526558892 0.034532374100719423
2 0.4618937644341801 0.28992805755395684 0.06235565819861432 0.03525179856115108
2 0.30196304849884525 0.2827338129496403 0.09584295612009237 0.06330935251798561
2 0.3816397228637413 0.07446043165467627 0.11085450346420324 0.0920863309352518
2 0.5842956120092379 0.8697841726618705 0.049653579676674366 0.02877697841726619
2 0.10161662817551963 0.6992805755395683 0.06466512702078522 0.060431654676258995
2 0.7147806004618937 0.3841726618705036 0.28290993071593534 0.05827338129496403