1 0.15380859375 0.3626302083333333 0.0947265625 0.21614583333333334
1 0.12109375 0.14713541666666666 0.150390625 0.09244791666666667
1 0.20458984375 0.234375 0.34765625 0.15625
1 0.12109375 0.4602864583333333 0.08984375 0.048177083333333336
1 0.205078125 0.48046875 0.0732421875 0.04296875
1 0.357421875 0.4622395833333333 0.2109375 0.3294270833333333
1 0.21923828125 0.5084635416666666 0.1142578125 0.1015625
1 0.541015625 0.509765625 0.12890625 0.3125
1 0.71875 0.5716145833333334 0.2060546875 0.3684895833333333
1 0.935546875 0.6223958333333334 0.1083984375 0.3346354166666667
1 0.966796875 0.7298177083333334 0.0380859375 0.15234375
1 0.84130859375 0.6920572916666666 0.119140625 0.16927083333333334
1 0.60546875 0.583984375 0.08203125 0.23828125
1 0.4658203125 0.5403645833333334 0.0830078125 0.21223958333333334
1 0.74462890625 0.2766927083333333 0.111328125 0.0625
1 0.662109375 0.21223958333333334 0.1044921875 0.22005208333333334
1 0.853515625 0.216796875 0.126953125 0.17578125
1 0.97705078125 0.353515625 0.0458984375 0.06380208333333333
1 0.8984375 0.3977864583333333 0.115234375 0.10416666666666667
1 0.9921875 0.4348958333333333 0.015625 0.09114583333333333
1 0.41845703125 0.22721354166666666 0.1201171875 0.08072916666666667