1 0.138671875 0.5123697916666666 0.08984375 0.21354166666666666
1 0.06640625 0.3203125 0.1328125 0.0859375
1 0.16552734375 0.3684895833333333 0.3310546875 0.140625
1 0.13037109375 0.6184895833333334 0.08984375 0.044270833333333336
1 0.21484375 0.603515625 0.0732421875 0.040364583333333336
1 0.35595703125 0.5227864583333334 0.2041015625 0.32421875
1 0.23486328125 0.6236979166666666 0.11328125 0.09635416666666667
1 0.541015625 0.4921875 0.12109375 0.3098958333333333
1 0.724609375 0.4778645833333333 0.1982421875 0.36328125
1 0.94287109375 0.4368489583333333 0.1005859375 0.3333333333333333
1 0.990234375 0.525390625 0.01953125 0.15234375
1 0.869140625 0.5423177083333334 0.115234375 0.16666666666666666
1 0.6201171875 0.5364583333333334 0.076171875 0.23697916666666666
1 0.4765625 0.5520833333333334 0.078125 0.2109375
1 0.6806640625 0.18684895833333334 0.111328125 0.057291666666666664
1 0.58740234375 0.15950520833333334 0.099609375 0.21744791666666666
1 0.7705078125 0.08528645833333333 0.123046875 0.17057291666666666
1 0.93408203125 0.15885416666666666 0.0732421875 0.061197916666666664
1 0.85498046875 0.23828125 0.11328125 0.09895833333333333
1 0.962890625 0.23111979166666666 0.03515625 0.08984375
1 0.359375 0.2740885416666667 0.1201171875 0.07552083333333333