1 0.141005859375 0.4449869791666667 0.06934570312499999 0.20325520833333335
1 0.080966796875 0.24009114583333332 0.144580078125 0.059648437500000005
1 0.174443359375 0.307109375 0.3423730468749999 0.07794270833333335
1 0.1218359375 0.548671875 0.087431640625 0.028671874999999975
1 0.206826171875 0.5494010416666667 0.07077148437499997 0.027226562499999957
1 0.354736328125 0.49609375 0.17561523437500004 0.2938802083333334
1 0.224541015625 0.5732552083333333 0.10621093749999999 0.07783854166666664
1 0.541533203125 0.49994791666666666 0.09130859375 0.2958072916666666
1 0.724697265625 0.5197135416666666 0.16467773437499988 0.3353385416666666
1 0.944951171875 0.5197135416666666 0.06697265624999993 0.32376302083333336
1 0.989814453125 0.618125 0.018417968749999902 0.15071614583333334
1 0.8610546875 0.6104036458333334 0.10081054687500002 0.14878906250000004
1 0.614951171875 0.5583333333333332 0.05264648437500008 0.22976562499999997
1 0.471376953125 0.5474869791666667 0.05767578125000006 0.20227864583333335
1 0.7116796875 0.22321614583333335 0.1082617187499999 0.0374739583333333
1 0.622177734375 0.17932291666666667 0.0789941406250001 0.2043229166666667
1 0.811494140625 0.1393098958333333 0.10824218749999992 0.15322916666666667
1 0.96533203125 0.24283854166666666 0.0693359375 0.048177083333333336
1 0.8789453125 0.30686197916666663 0.10641601562500003 0.08035156249999997
1 0.986650390625 0.31963541666666667 0.02668945312499993 0.0856510416666667
1 0.384208984375 0.25045572916666664 0.11521484375000002 0.05433593750000002