2 0.2615097891373802 0.6727341282051282 0.2737204984025559 0.621844339031339 0.2784988626198083 0.568822603988604 0.27466588817891374 0.529186188034188 0.27352071405750794 0.533536923076923 0.27014917412140577 0.5334319658119658 0.23698282268370607 0.5675301794871794 0.23545302236421728 0.6149541737891738 0.22309898881789136 0.6259644814814815 0.22594746645367414 0.5980441424501424 0.19654215974440895 0.6194417264957265 0.19406011182108626 0.6554411766381767 0.19366994249201278 0.6953069002849003 0.1950518785942492 0.7171880028490029 0.2002917396166134 0.7258965868945869 0.20210496485623003 0.758234301994302 0.21155651437699682 0.7718211595441595 0.24749592651757188 0.7444541566951567 0.2448349888178914 0.7443713190883191 0.2615097891373802 0.6727341282051282
2 0.17715305111821086 0.7508097948717949 0.18692577476038338 0.6770571652421652 0.18747385303514377 0.6210571481481482 0.204842410543131 0.587418849002849 0.2193053194888179 0.5783747663817664 0.2261166837060703 0.5963854900284901 0.2289891325878594 0.5682301937321937 0.26181003674121406 0.5331723618233618 0.27014917412140577 0.5334319658119658 0.2746308961661342 0.5288243219373219 0.27466588817891374 0.529186188034188 0.2807091837060703 0.5062265954415954 0.262882268370607 0.4781403732193732 0.22640546645367415 0.45136844159544154 0.17642728434504792 0.4441165641025641 0.1304232300319489 0.5205395897435897 0.12383402715654951 0.595340188034188 0.14500632587859424 0.6624595612535612 0.1621914536741214 0.7019235527065527 0.17715305111821086 0.7508097948717949
2 0.7122687571884985 0.8576672393162393 0.7548408466453674 0.8599413988603989 0.8024072955271565 0.8414846666666665 0.8366674936102237 0.822610849002849 0.8197812108626198 0.7527754672364673 0.7952008434504793 0.7073880826210827 0.7599194313099041 0.6673607407407407 0.7251645287539936 0.6824208575498575 0.7172382380191693 0.7305945868945869 0.6961542923322684 0.7631683618233618 0.6439464616613418 0.7662902564102564 0.612261233226837 0.7396703418803418 0.5849944361022364 0.7511652678062679 0.5740053977635783 0.7859510284900285 0.5672559009584665 0.8227693447293447 0.5536043003194888 0.8574750655270655 0.5223023162939298 0.8460574273504273 0.5096951230031949 0.8285740341880341 0.498329768370607 0.7930895185185185 0.4653841357827476 0.7863678717948719 0.43130046964856233 0.78720454985755 0.41910437220447283 0.7820777150997151 0.4167011645367413 0.701301150997151 0.3819237396166134 0.6641389373219373 0.349362947284345 0.6726196210826211 0.33240708306709266 0.7186145299145299 0.31658392172523964 0.8121191652421653 0.3603816373801917 0.8524087749287749 0.4097799057507987 0.8643897635327635 0.4836075047923322 0.8828301253561254 0.5565478993610223 0.8832002364672364 0.6418592699680511 0.8706656894586895 0.6877279392971246 0.8625992905982907 0.7122687571884985 0.8576672393162393
2 0.38371205591054314 0.5901377464387465 0.40589157188498404 0.6088679943019943 0.43894866613418526 0.6042010598290598 0.48308079233226836 0.6103220854700855 0.5633234776357827 0.626112717948718 0.5682528514376997 0.6120218376068376 0.5263426869009584 0.596475660968661 0.4747410223642173 0.592022678062678 0.4441195575079872 0.5654330284900285 0.4249857907348243 0.561990792022792 0.39131322044728434 0.5751840284900285 0.38371205591054314 0.5901377464387465
2 0.6608959872204473 0.6120592934472934 0.6465894169329074 0.6049661851851852 0.6231324984025559 0.6080342535612535 0.6256355 0.6242542336182336 0.6580121006389776 0.6347564643874644 0.6608959872204473 0.6120592934472934
2 0.4747044728434505 0.4325129145299146 0.44727738178913734 0.4060255584045584 0.4207561198083067 0.3957056096866097 0.3899488674121406 0.3880988233618234 0.3676037284345048 0.3864543390313391 0.3726097587859425 0.41889145014245016 0.40952553514376994 0.45517137037037037 0.4412572092651757 0.47704557264957265 0.4751086421725239 0.4999374729344729 0.4978479057507987 0.5158357094017094 0.509904661341853 0.5351996923076924 0.4947875143769968 0.5565671709401709 0.477007250798722 0.5638724045584046 0.5367162476038339 0.5702161994301994 0.5834907428115016 0.578317207977208 0.6176487348242811 0.5698862478632478 0.6248480862619809 0.5416273960113961 0.568201661341853 0.508531547008547 0.5412507076677316 0.48775503703703704 0.5085745 0.45350482336182335 0.4747044728434505 0.4325129145299146
2 0.3599066996805112 0.5200869686609686 0.36046644728434507 0.5172549572649573 0.33801514856230036 0.4719338518518519 0.33234559904153355 0.45276870655270657 0.3151806357827476 0.41140761823361827 0.31902075079872205 0.45425162108262107 0.33576533546325876 0.4842047236467237 0.34566514376996804 0.5063509943019943 0.35406064536741216 0.518956113960114 0.3599066996805112 0.5200869686609686
2 0.6635591357827476 0.44883527635327636 0.6685558530351438 0.4822238091168091 0.6822469728434505 0.4978403703703704 0.7097576469648562 0.5157877207977208 0.7409574536741214 0.5376453618233619 0.7643957763578275 0.5364772877492877 0.7670659968051118 0.5356115527065527 0.826185214057508 0.5336536752136752 0.8266985143769968 0.5355673789173789 0.8250710766773164 0.48424679772079776 0.817515571884984 0.44033827350427346 0.776613412140575 0.4305194985754986 0.7461352428115017 0.4438121794871795 0.7272825431309904 0.4660122279202279 0.6635591357827476 0.44883527635327636
2 0.5389759872204474 0.39368699999999995 0.5166494153354633 0.3901453732193732 0.48952198722044726 0.38740030199430203 0.48048153035143765 0.3861700028490028 0.4697154153354633 0.39817860683760686 0.5067705591054312 0.4202185327635327 0.5369050063897763 0.4420458603988604 0.5591216853035144 0.45697896581196584 0.589349052715655 0.4693120113960114 0.5931031741214057 0.46658229344729346 0.5822882539936103 0.4292171851851852 0.5580261150159744 0.40567494301994306 0.5389759872204474 0.39368699999999995
4 0.7907348242811502 0.9145299145299145 0.025559105431309903 0.02564102564102564
4 0.8905750798722045 0.584045584045584 0.019169329073482427 0.019943019943019943