2 0.19722364217252397 0.7266467236467237 0.2025479233226837 0.7351908831908832 0.20467731629392968 0.7674672364672364 0.2142603833865815 0.7807578347578348 0.249926517571885 0.7522763532763532 0.24726517571884984 0.7522763532763532 0.26323642172523964 0.6801310541310541 0.2749472843450479 0.6288689458689459 0.2792060702875399 0.5757065527065527 0.2749858130990415 0.5361954786324786 0.27388338658146966 0.5405811965811966 0.27051133386581466 0.5405811965811966 0.23768370607028752 0.5757065527065527 0.2366182108626198 0.6231709401709402 0.2243738019169329 0.6345641025641026 0.22694862779552716 0.6065593532763532 0.19775718849840257 0.6288689458689459 0.19562779552715653 0.664940170940171 0.19562779552715653 0.7048119658119658 0.19722364217252397 0.7266467236467237
2 0.22597124600638976 0.4598917378917379 0.17592971246006392 0.4541965811965812 0.13068051118210863 0.5320398860398861 0.12482428115015974 0.607034188034188 0.14665015974440895 0.6734843304843305 0.1642188498402556 0.7124074074074074 0.1796565495207668 0.7608205128205128 0.18870607028753994 0.6867749287749287 0.18870607028753994 0.6307663817663818 0.20574281150159743 0.5965925925925926 0.2201150159744409 0.5870997150997151 0.227101589456869 0.6048956866096866 0.22969808306709263 0.5766552706552707 0.2621709265175719 0.5405811965811966 0.27051133386581466 0.5405811965811966 0.2749472843450479 0.5358347578347579 0.2749858130990415 0.5361954786324786 0.2808035143769968 0.513051282051282 0.2627044728434505 0.48552421652421657 0.22597124600638976 0.4598917378917379
2 0.3638514376996805 0.8567008547008547 0.4133594249201278 0.8671424501424502 0.48735623003194883 0.8832820512820513 0.5602891373801917 0.8813817663817665 0.6454648562300319 0.8661937321937322 0.6912476038338659 0.8567008547008547 0.7157364217252395 0.8510056980056979 0.7583242811501598 0.851954415954416 0.805702875399361 0.832019943019943 0.839773162939297 0.8120826210826211 0.82220607028754 0.7427834757834757 0.797185303514377 0.6981680911680911 0.761517571884984 0.6592450142450142 0.7269153354632587 0.6753846153846154 0.719461661341853 0.7237977207977208 0.6986996805111821 0.757022792022792 0.6465303514376997 0.7617692307692306 0.6145894568690096 0.7361396011396011 0.5874392971246006 0.7484814814814814 0.5767923322683706 0.7836039886039886 0.5704041533546326 0.8206267806267807 0.5570942492012779 0.8557521367521368 0.525685303514377 0.8453105413105413 0.512908945686901 0.8282222222222223 0.5011980830670927 0.7930968660968661 0.46819169329073484 0.7874017094017094 0.4341214057507987 0.7892991452991452 0.42187699680511187 0.7845527065527065 0.41868370607028754 0.7038632478632479 0.3835479233226837 0.6677891737891738 0.3510750798722045 0.6772820512820513 0.33457188498402557 0.7237977207977208 0.3196661341853035 0.8177806267806268 0.3638514376996805 0.8567008547008547
2 0.5693386581469648 0.6098803418803419 0.5272827476038339 0.5956410256410256 0.4756453674121406 0.5927948717948718 0.4447683706070288 0.5671623931623933 0.4256038338658147 0.5643162393162393 0.3920654952076677 0.5785555555555556 0.38461182108626196 0.5937435897435898 0.4069712460063898 0.6117806267806268 0.43997763578274757 0.6060854700854701 0.4841629392971246 0.6108319088319087 0.5645479233226837 0.6241225071225072 0.5693386581469648 0.6098803418803419
2 0.6593067092651758 0.6298176638176638 0.6619680511182109 0.607034188034188 0.647594249201278 0.6003874643874644 0.6241709265175719 0.6041851851851852 0.626832268370607 0.6203247863247864 0.6593067092651758 0.6298176638176638
2 0.584244408945687 0.5757065527065527 0.618314696485623 0.5662136752136753 0.6252364217252396 0.5377350427350428 0.5682747603833866 0.5064074074074074 0.5411246006389777 0.4864729344729345 0.5081182108626198 0.45324501424501423 0.47404792332268375 0.43331054131054136 0.4463658146964856 0.4076809116809117 0.41974760383386583 0.3981880341880342 0.388870607028754 0.3915413105413106 0.36651277955271566 0.39059259259259266 0.37183546325878597 0.42286894586894586 0.40910063897763577 0.457994301994302 0.44104153354632586 0.4788774928774929 0.475111821086262 0.5007122507122507 0.4980031948881789 0.5159002849002848 0.5102476038338658 0.5348860398860399 0.4953418530351438 0.5567207977207977 0.4776357827476038 0.5645783475783476 0.5373977635782747 0.5690626780626781 0.584244408945687 0.5757065527065527
2 0.331908945686901 0.457994301994302 0.3143418530351438 0.41717378917378917 0.31860063897763574 0.4598917378917379 0.33563578274760386 0.4893190883190883 0.3457507987220447 0.5111538461538462 0.35426837060702876 0.5234957264957265 0.3601246006389776 0.5244444444444445 0.36065654952076676 0.5215954415954416 0.33776517571884984 0.47698005698005697 0.331908945686901 0.457994301994302
2 0.8269968051118212 0.5253931623931625 0.824867412140575 0.4741310541310541 0.8168833865814696 0.4304643874643874 0.775891373801917 0.42192022792022793 0.7455479233226837 0.4361595441595442 0.7269153354632587 0.45894301994301995 0.6630335463258786 0.44375213675213676 0.6683562300319489 0.47698005698005697 0.6821980830670926 0.4921680911680912 0.7098801916932908 0.5092564102564102 0.7412891373801918 0.5301396011396011 0.7647124600638977 0.5282421652421653 0.7673738019169328 0.5272934472934473 0.8264648562300319 0.5234957264957265 0.8269968051118212 0.5253931623931625
2 0.5363322683706071 0.44090598290598293 0.5586916932907348 0.45514529914529916 0.589035143769968 0.4665356125356125 0.592761980830671 0.46368945868945866 0.5815830670926518 0.42666666666666664 0.5570942492012779 0.4038831908831909 0.5379297124600639 0.3924900284900285 0.5155718849840255 0.3896438746438746 0.48842172523961663 0.3877435897435898 0.479370607028754 0.38679487179487176 0.46872364217252394 0.39913675213675215 0.5059888178913738 0.420019943019943 0.5363322683706071 0.44090598290598293
4 0.7948881789137381 0.9052991452991452 0.025878594249201352 0.026182336182336337
4 0.8911182108626199 0.5722792022792023 0.018674121405750886 0.018262108262108334