2 0.2514841054313099 0.6196105042735043 0.26708122523961664 0.5717540512820514 0.27544707987220446 0.5201661111111111 0.27435113099041536 0.479992037037037 0.2729171932907348 0.48406143874643875 0.26957795846645366 0.4832244558404558 0.23432880830670924 0.5098597663817664 0.22956980990415335 0.5565977663817664 0.21655549999999998 0.5648408433048433 0.22129061182108625 0.5377477378917379 0.19064233706070285 0.5525945527065527 0.18571885782747605 0.5877861937321937 0.1826074728434505 0.6272699601139601 0.18248391853035142 0.6492883304843305 0.18708964217252397 0.6590708888888889 0.1866796357827476 0.6915616723646724 0.19513231150159746 0.7071015584045584 0.2326738913738019 0.6877500142450143 0.23003844888178912 0.6870894387464388 0.2514841054313099 0.6196105042735043
2 0.1624210447284345 0.6787691823361823 0.17716062460063897 0.6076904045584045 0.18153123801916932 0.5522269287749287 0.2010689233226837 0.5226144387464388 0.21604203194888177 0.5167812962962963 0.2215719089456869 0.5361382279202279 0.22634686741214058 0.5088171253561253 0.26131871884984026 0.48115426780626774 0.26957795846645366 0.4832244558404558 0.274341124600639 0.47962526495726493 0.27435113099041536 0.479992037037037 0.28191826517571883 0.45851710256410255 0.26614343130990414 0.42676552991452993 0.23176791373801917 0.3922648831908832 0.18265780031948883 0.3742042507122508 0.13177447763578276 0.4400586011396011 0.12012307827476038 0.5128694786324787 0.13655112779552714 0.5840903732193733 0.15091148881789138 0.6269954102564103 0.1624210447284345 0.6787691823361823
2 0.6862462444089457 0.9011380712250713 0.728345608626198 0.9126483675213676 0.7768186996805112 0.9046678262108262 0.8121132220447285 0.8933811823361824 0.8001248338658147 0.8203960911680911 0.7788291182108626 0.7700044472934473 0.7465458546325879 0.7226070142450143 0.7110209153354632 0.7300008603988604 0.699861873801917 0.7760927236467237 0.6767092380191693 0.8038410797720797 0.624677230031949 0.795592282051282 0.5950471837060702 0.7622839686609686 0.5671981517571885 0.7677667464387464 0.5539140255591054 0.7999047407407408 0.5446989520766773 0.8349816096866097 0.5287775798722045 0.8664614501424501 0.4984891118210863 0.8483253988603989 0.48717057507987216 0.8282321396011395 0.4783146805111821 0.7905418461538462 0.4460739265175719 0.7767095356125356 0.412187142172524 0.7701318575498576 0.40043228274760384 0.7623924045584046 0.4035666517571885 0.6816955954415954 0.371587838658147 0.6372514757834757 0.3386902444089457 0.6385918233618233 0.3187178194888179 0.6805585185185185 0.296623196485623 0.7699270028490028 0.33734136102236423 0.8194357806267807 0.38555273322683703 0.842064227920228 0.45756995686900953 0.8764136438746439 0.5299413738019169 0.8926346638176639 0.6154733626198082 0.8987360626780627 0.6615513306709265 0.9006993903133903 0.6862462444089457 0.9011380712250713
2 0.3784195127795527 0.5641905698005698 0.399153821086262 0.5876019458689459 0.4322834153354633 0.590154792022792 0.47566832268370607 0.6058223532763533 0.554233876996805 0.638936113960114 0.5600893738019169 0.6260216695156695 0.5195539089456869 0.6014821538461539 0.46864115974440895 0.5858466894586895 0.44006488019169326 0.5527996267806268 0.4213089504792332 0.5452243076923077 0.38698584185303514 0.5510004358974359 0.3784195127795527 0.5641905698005698
2 0.6520394025559105 0.6461949287749288 0.6383241613418531 0.6360451424501424 0.6148324376996805 0.6339919572649573 0.6162084297124601 0.6506350655270655 0.6476260575079872 0.6680960997150998 0.6520394025559105 0.6461949287749288
2 0.47950458306709265 0.42751794586894587 0.4540918769968051 0.3952667150997151 0.42847348722044726 0.379259264957265 0.39841565814696484 0.3650131908831909 0.3763494488817891 0.3585242279202279 0.37910165495207665 0.39180762393162394 0.4132631693290735 0.43584080056980057 0.44326360223642175 0.46444886609686614 0.47529845047923325 0.4945277777777778 0.4967818530351437 0.5152499145299145 0.5074255511182109 0.5370901082621082 0.4909609920127796 0.5550125868945869 0.4728140734824281 0.558398811965812 0.5316445223642172 0.5776731339031339 0.577516805111821 0.5958802421652422 0.6119962971246007 0.5949363988603988 0.6210729840255591 0.5684529715099715 0.5671103146964857 0.5232916552706554 0.5417799600638977 0.4968121937321937 0.5116877188498402 0.4557150655270655 0.47950458306709265 0.42751794586894587
2 0.35957834185303517 0.4894878205128205 0.36032743610223644 0.48679858119658115 0.34114038977635786 0.4369354786324786 0.33682270127795527 0.41668090598290597 0.3226119888178914 0.3718972962962963 0.3234958434504792 0.41525659544159543 0.3380688466453674 0.448625886039886 0.3463815543130991 0.47275881766381767 0.3538531373801917 0.4870947492877493 0.35957834185303517 0.4894878205128205
2 0.6658362028753994 0.48476639601139604 0.6685141549520767 0.5189920968660968 0.6810361054313099 0.5374680341880342 0.7071153306709266 0.5612610797720797 0.7365889920127796 0.5897371082621082 0.7599324265175719 0.5936720854700855 0.7626419009584665 0.5933931766381766 0.8214542396166135 0.6042995156695157 0.821832945686901 0.6063105213675213 0.823724501597444 0.5550187521367521 0.8192256932907348 0.5097953162393162 0.7792993546325878 0.491159603988604 0.7481400415335463 0.49772874074074075 0.7279108817891374 0.515665660968661 0.6658362028753994 0.48476639601139604
2 0.5459500974440895 0.4029509116809116 0.5240319536741214 0.39458298005698006 0.4972943067092652 0.3859621965811966 0.48840530511182106 0.38277611680911683 0.4768988610223642 0.39235518233618233 0.5121717587859426 0.42228479772079774 0.540590071884984 0.45049918233618236 0.5616207348242812 0.4701497948717949 0.5907800447284345 0.4889608632478632 0.5946927124600639 0.487067452991453 0.5865116549520767 0.4476302250712251 0.5640390638977636 0.4189900626780627 0.5459500974440895 0.4029509116809116
4 0.7603833865814696 0.9743589743589743 0.027156549520766772 0.03133903133903134
4 0.8817891373801917 0.6680911680911681 0.019169329073482427 0.022792022792022793