2 0.26916932907348246 0.915954415954416 0.20607028753993611 0.16809116809116809
2 0.7180511182108626 0.7934472934472935 0.2507987220447284 0.3903133903133903
2 0.9217252396166135 0.6011396011396012 0.15654952076677317 0.19943019943019943
2 0.8027156549520766 0.4301994301994302 0.39456869009584666 0.17663817663817663
2 0.24121405750798722 0.4928774928774929 0.476038338658147 0.15384615384615385
2 0.3937699680511182 0.6096866096866097 0.052715654952076675 0.05128205128205128
2 0.09424920127795527 0.8190883190883191 0.1501597444089457 0.10256410256410256
2 0.10303514376996806 0.5740740740740741 0.1757188498402556 0.07692307692307693
2 0.9257188498402555 0.9002849002849003 0.1485623003194888 0.11396011396011396
2 0.5439297124600639 0.6096866096866097 0.038338658146964855 0.05128205128205128
2 0.5766773162939297 0.50997150997151 0.0463258785942492 0.03418803418803419