2 0.2536741214057508 0.9083475783475783 0.19905750798722047 0.1832763532763534
2 0.7059584664536741 0.8193162393162393 0.2378115015974441 0.3613390313390314
2 0.9213258785942492 0.6534472934472935 0.1573482428115016 0.18056980056980057
2 0.8047124600638977 0.4685470085470086 0.39057507987220447 0.12700854700854697
2 0.24201277955271566 0.4602279202279202 0.4728594249201278 0.09615384615384616
2 0.3898562300319489 0.5962393162393163 0.051277955271565534 0.04623931623931629
2 0.08252396166134185 0.7678632478632478 0.14645367412140575 0.08464387464387467
2 0.1012779552715655 0.5247863247863248 0.17380191693290734 0.05435897435897431
2 0.9189297124600639 0.9532193732193732 0.1621405750798722 0.09353276353276364
2 0.5396006389776358 0.6145299145299145 0.03605431309904161 0.04575498575498576
2 0.5763258785942491 0.5200569800569801 0.045638977635782826 0.027777777777777776