2 0.4690415335463259 0.8908262108262108 0.2687380191693291 0.07415954415954408
2 0.4586741214057508 0.7139601139601138 0.08186900958466453 0.22470085470085463
2 0.4429712460063898 0.539031339031339 0.018514376996805162 0.0942165242165242
2 0.5381309904153355 0.5827065527065527 0.15611821086261984 0.033447293447293476
2 0.5627476038338658 0.5473504273504274 0.06960063897763587 0.07948717948717943
2 0.5142971246006389 0.46925925925925926 0.25383386581469647 0.06860398860398856
2 0.6949201277955271 0.5962393162393163 0.09273162939297118 0.04054131054131059
2 0.7259424920127795 0.7313105413105413 0.05412140575079871 0.08561253561253557
2 0.6498083067092651 0.882991452991453 0.08714057507987213 0.061339031339031264
2 0.2129552715654952 0.5497150997150997 0.16551118210862623 0.09564102564102563
2 0.291629392971246 0.6988034188034188 0.04969648562300322 0.08039886039886031
2 0.8195207667731629 0.5072364672364672 0.04477635782747599 0.16735042735042738
2 0.9628594249201278 0.5791452991452991 0.0742811501597444 0.20578347578347583
2 0.7616134185303514 0.5226780626780627 0.0551757188498402 0.041538461538461496