2 0.4728434504792332 0.8917378917378918 0.26996805111821087 0.08262108262108261
2 0.46086261980830673 0.7150997150997151 0.08466453674121406 0.22792022792022792
2 0.44329073482428116 0.5413105413105413 0.019169329073482427 0.09401709401709402
2 0.5391373801916933 0.5811965811965812 0.15654952076677317 0.037037037037037035
2 0.5630990415335463 0.5455840455840456 0.07028753993610223 0.08262108262108261
2 0.5143769968051118 0.4686609686609687 0.2539936102236422 0.07692307692307693
2 0.6956869009584664 0.5897435897435898 0.0926517571884984 0.042735042735042736
2 0.7284345047923323 0.7236467236467237 0.054313099041533544 0.08831908831908832
2 0.6533546325878594 0.8789173789173789 0.0878594249201278 0.06267806267806268
2 0.213258785942492 0.5584045584045584 0.16613418530351437 0.09971509971509972
2 0.2939297124600639 0.7051282051282052 0.051118210862619806 0.08262108262108261
2 0.8194888178913738 0.49715099715099714 0.0463258785942492 0.16809116809116809
2 0.9624600638977636 0.5626780626780626 0.07507987220447285 0.20797720797720798
2 0.7619808306709265 0.5142450142450142 0.05591054313099041 0.042735042735042736