2 0.5503194888178914 0.8846153846153846 0.2715654952076677 0.1168091168091168
2 0.5519169329073482 0.7065527065527065 0.0926517571884984 0.23646723646723647
2 0.5591054313099042 0.5299145299145299 0.022364217252396165 0.09686609686609686
2 0.46645367412140576 0.5883190883190883 0.15654952076677317 0.05698005698005698
2 0.44009584664536744 0.5569800569800569 0.07348242811501597 0.09116809116809117
2 0.4840255591054313 0.47150997150997154 0.25559105431309903 0.10826210826210826
2 0.31070287539936103 0.6267806267806267 0.09424920127795527 0.05413105413105413
2 0.28594249201277955 0.7649572649572649 0.05750798722044728 0.09401709401709402
2 0.3698083067092652 0.9045584045584045 0.08945686900958466 0.07407407407407407
2 0.7883386581469649 0.5042735042735043 0.16932907348242812 0.11965811965811966
2 0.7172523961661342 0.6652421652421653 0.052715654952076675 0.08831908831908832
2 0.18210862619808307 0.5569800569800569 0.052715654952076675 0.1737891737891738
2 0.04313099041533546 0.6509971509971509 0.08466453674121406 0.21652421652421652
2 0.24041533546325877 0.5626780626780626 0.05750798722044728 0.05128205128205128