2 0.06533333333333334 0.7491190476190476 0.08555000000000001 0.11357142857142868
2 0.15158333333333335 0.755904761904762 0.08553333333333332 0.07388095238095231
2 0.24831666666666669 0.6926428571428572 0.09465000000000001 0.062238095238095203
2 0.43865 0.8035000000000001 0.061616666666666715 0.06826190476190466
2 0.3996 0.8798333333333332 0.05215000000000004 0.050023809523809505
2 0.51395 0.9398095238095239 0.3514166666666667 0.02154761904761894
2 0.46821666666666667 0.9127380952380952 0.056049999999999996 0.06821428571428566
2 0.6288166666666667 0.8457619047619048 0.06156666666666657 0.04911904761904761
2 0.4583333333333333 0.6523809523809524 0.5166666666666667 0.6904761904761905 0.5416666666666666 0.6880952380952381 0.56 0.6976190476190476 0.5633333333333334 0.6642857142857143 0.5683333333333334 0.6547619047619048 0.5833333333333334 0.6523809523809524 0.6066666666666667 0.6833333333333333 0.6783333333333333 0.7023809523809523 0.6833333333333333 0.7142857142857143 0.7983333333333333 0.7690476190476191 0.86 0.7642857142857142 0.9133333333333333 0.7952380952380952 0.9216666666666666 0.8095238095238095 0.9466666666666667 0.8095238095238095 0.95 0.8023809523809524 0.95 0.780952380952381 0.9366666666666666 0.75 0.8566666666666667 0.7166666666666667 0.8366666666666667 0.719047619047619 0.7983333333333333 0.65 0.56 0.5714285714285714 0.47833333333333333 0.5738095238095238 0.4483333333333333 0.5952380952380952 0.44666666666666666 0.6214285714285714 0.4583333333333333 0.6523809523809524
2 0.9237166666666667 0.6009285714285714 0.12781666666666675 0.08328571428571432
2 0.18983333333333335 0.6553095238095239 0.12818333333333334 0.06038095238095241
2 0.9316666666666666 0.9166666666666666 0.97 0.930952380952381 0.9983333333333333 0.930952380952381 0.995 0.8333333333333334 0.9533333333333334 0.8404761904761905 0.9183333333333333 0.8690476190476191 0.895 0.8738095238095238 0.8933333333333333 0.8833333333333333 0.9316666666666666 0.9166666666666666
2 0.9034333333333332 0.49404761904761907 0.1931333333333334 0.05997619047619047
2 0.8857833333333334 0.4200714285714286 0.22843333333333324 0.054880952380952405
2 0.55155 0.3355714285714286 0.05406666666666657 0.020357142857142883
2 0.6467833333333334 0.34095238095238095 0.10141666666666671 0.033904761904761924
2 0.7235833333333332 0.3822619047619048 0.09029999999999992 0.03528571428571427
2 0.74335 0.4165714285714286 0.08473333333333338 0.03388095238095242
2 0.8322333333333333 0.36288095238095236 0.07818333333333329 0.03295238095238089
2 0.9328666666666667 0.36264285714285716 0.07946666666666677 0.018499999999999957
2 0.18983333333333335 0.41026190476190477 0.049750000000000016 0.05207142857142858
2 0.0967 0.4391904761904762 0.04384999999999999 0.05952380952380952
2 0.03658333333333333 0.4461904761904762 0.04645 0.03433333333333337
2 0.12823333333333334 0.3780476190476191 0.04469999999999999 0.0380952380952381
2 0.05258333333333334 0.39252380952380955 0.07325000000000001 0.04461904761904764
2 0.38065 0.4189047619047619 0.06913333333333337 0.049738095238095206
2 0.5757166666666667 0.44807142857142856 0.1337833333333333 0.0548571428571429
2 0.31415000000000004 0.5635952380952381 0.09104999999999999 0.04221428571428576
2 0.3595666666666667 0.5960238095238095 0.10344999999999999 0.04266666666666671
2 0.49600000000000005 0.4543571428571429 0.06453333333333337 0.053452380952380925
2 0.06238333333333333 0.9064285714285714 0.10711666666666667 0.09202380952380947
2 0.15225 0.8352380952380952 0.07114999999999999 0.06452380952380958