2 0.925 0.780952380952381 0.09 0.11904761904761904
2 0.8383333333333334 0.7821428571428571 0.08833333333333333 0.08095238095238096
2 0.7441666666666666 0.7107142857142857 0.09666666666666666 0.06904761904761905
2 0.55 0.8071428571428572 0.06333333333333334 0.07380952380952381
2 0.5866666666666667 0.8869047619047619 0.05333333333333334 0.05476190476190476
2 0.47 0.9380952380952381 0.3516666666666667 0.047619047619047616
2 0.5166666666666667 0.9142857142857143 0.058333333333333334 0.07142857142857142
2 0.35833333333333334 0.8357142857142857 0.06333333333333334 0.05476190476190476
2 0.13588451333333335 0.6897033166666666 0.05477297666666666 0.7170097166666667 0.040323971666666666 0.7469228023809524 0.039538931666666666 0.7683220071428571 0.04260601666666667 0.7757042928571428 0.067571755 0.7775734357142857 0.07641702833333333 0.7639303452380953 0.130811215 0.7370078857142858 0.19221891666666666 0.7463738119047618 0.309067525 0.7002850071428571 0.3144968066666667 0.6887703880952382 0.38676306833333335 0.6751070785714286 0.41119837 0.6459416476190477 0.42609058666666666 0.6494408238095238 0.4307348283333333 0.6593254095238096 0.43284241999999995 0.6928622785714286 0.451499535 0.6847222238095237 0.4763780466666666 0.6889690547619048 0.5360270616666667 0.6552873547619047 0.548811685 0.6252496595238095 0.548106795 0.5989704666666666 0.5189329483333333 0.5753282928571428 0.43746543000000004 0.5668447428571428 0.19658024666666668 0.6274893452380952 0.15576987666666667 0.6935763190476191 0.13588451333333335 0.6897033166666666
2 0.07333333333333333 0.569047619047619 0.13 0.09285714285714286
2 0.8041666666666667 0.6785714285714286 0.13 0.06904761904761905
2 0 0.8941096690476191 0.014856105 0.895221919047619 0.053660263333333326 0.8838218 0.093162235 0.8534001642857143 0.09184675833333333 0.8437647976190477 0.06871985666666668 0.8372648880952381 0.03481454166666667 0.8061158166666667 0 0.7974868404761906 0 0.8941096690476191
2 0.0975 0.4642857142857143 0.195 0.07380952380952381
2 0.1175 0.39166666666666666 0.23 0.07142857142857142
2 0.45416666666666666 0.33214285714285713 0.055 0.023809523809523808
2 0.3591666666666667 0.32976190476190476 0.10333333333333333 0.04047619047619048
2 0.2808333333333333 0.36547619047619045 0.09166666666666666 0.04285714285714286
2 0.26 0.39880952380952384 0.08666666666666667 0.04047619047619048
2 0.17333333333333334 0.3380952380952381 0.08 0.0380952380952381
2 0.0725 0.33095238095238094 0.08 0.023809523809523808
2 0.8133333333333334 0.43333333333333335 0.051666666666666666 0.05476190476190476
2 0.905 0.46904761904761905 0.04666666666666667 0.06190476190476191
2 0.965 0.48095238095238096 0.04833333333333333 0.0380952380952381
2 0.8758333333333334 0.40595238095238095 0.04666666666666667 0.04047619047619048
2 0.9508333333333333 0.4261904761904762 0.075 0.05
2 0.6225 0.42738095238095236 0.07166666666666667 0.05476190476190476
2 0.4266666666666667 0.44285714285714284 0.135 0.06428571428571428
2 0.6833333333333333 0.5773809523809523 0.09166666666666666 0.05
2 0.6366666666666667 0.6059523809523809 0.105 0.05
2 0.5058333333333334 0.45476190476190476 0.06666666666666667 0.05714285714285714
2 0.9225 0.9380952380952381 0.11 0.1
2 0.835 0.8607142857142858 0.07333333333333333 0.06904761904761905