2 0.9533333333333334 0.6595238095238095 0.09333333333333334 0.12857142857142856
2 0.87 0.6845238095238095 0.09166666666666666 0.09047619047619047
2 0.7683333333333333 0.6404761904761904 0.1 0.08095238095238096
2 0.59 0.7880952380952381 0.06833333333333333 0.08095238095238096
2 0.6366666666666667 0.8559523809523809 0.056666666666666664 0.05952380952380952
2 0.5291666666666667 0.9380952380952381 0.35 0.09047619047619047
2 0.5716666666666667 0.9023809523809524 0.06166666666666667 0.07857142857142857
2 0.4058333333333333 0.8678571428571429 0.065 0.06190476190476191
2 0.16791230833333332 0.7854700904761905 0.09193823666666667 0.8343845238095239 0.08175007833333334 0.8676865928571428 0.083837675 0.8889066238095238 0.08783443499999999 0.895317238095238 0.11259113666666666 0.8903467690476191 0.11945163833333335 0.874543261904762 0.16925051833333332 0.8332884404761906 0.23078096000000003 0.8257435166666667 0.33932682 0.7486503976190477 0.34311838333333333 0.7358674 0.41223195333333335 0.7027564761904761 0.4323227916666666 0.6674662166666666 0.4474087683333334 0.6668417190476191 0.4532879283333333 0.67527875 0.45983619500000006 0.7076249547619047 0.47706328833333334 0.6945488214285714 0.502051945 0.6919361357142857 0.5561062999999999 0.6426138785714286 0.56464401 0.6096431714285715 0.5604420566666667 0.5840389452380952 0.5286464183333334 0.5687834761904762 0.4475425716666667 0.5826625571428572 0.21918320166666666 0.7078544595238095 0.18794962499999998 0.7838514976190476 0.16791230833333332 0.7854700904761905
2 0.09 0.6845238095238095 0.135 0.10714285714285714
2 0.8225 0.5916666666666667 0.13333333333333333 0.08571428571428572
2 0.11049754833333333 1 0.11312643833333333 0.9984351071428571 0.14783934166666665 0.9578047880952381 0.145261075 0.9487050285714286 0.12169090833333333 0.948628569047619 0.084248065 0.92729385 0.04229103 0.9285046214285715 0.04685207 1 0.11049754833333333 1
2 0.1 0.5738095238095238 0.19666666666666666 0.09761904761904762
2 0.1125 0.4976190476190476 0.225 0.1
2 0.43333333333333335 0.3476190476190476 0.055 0.030952380952380953
2 0.33916666666666667 0.37142857142857144 0.10333333333333333 0.05476190476190476
2 0.2675 0.42738095238095236 0.09333333333333334 0.05238095238095238
2 0.25083333333333335 0.4654761904761905 0.08666666666666667 0.05
2 0.1575 0.4297619047619048 0.08 0.047619047619047616
2 0.058333333333333334 0.45 0.08 0.03333333333333333
2 0.7983333333333333 0.35 0.055 0.06190476190476191
2 0.8933333333333333 0.3595238095238095 0.05 0.06666666666666667
2 0.9533333333333334 0.3547619047619048 0.05 0.04285714285714286
2 0.8566666666666667 0.3047619047619048 0.04833333333333333 0.047619047619047616
2 0.9325 0.3047619047619048 0.07666666666666666 0.05952380952380952
2 0.61 0.3964285714285714 0.07333333333333333 0.06190476190476191
2 0.42 0.4630952380952381 0.13833333333333334 0.08095238095238096
2 0.69 0.5261904761904762 0.095 0.05952380952380952
2 0.6483333333333333 0.5666666666666667 0.10666666666666667 0.06190476190476191
2 0.49916666666666665 0.45357142857142857 0.06833333333333333 0.06666666666666667
2 0.9575 0.8154761904761905 0.085 0.11190476190476191
2 0.8766666666666667 0.763095238095238 0.07666666666666666 0.07857142857142857