2 0.6838461538461539 0.7102510460251046 0.14307692307692307 0.2928870292887029
2 0.5638461538461539 0.5998953974895398 0.19230769230769232 0.40585774058577406
2 0 0.8100962730125523 0.0010818615384615385 0.8102718671548117 0.009127533076923077 0.8075842709205021 0.033894534615384615 0.7859099184100419 0.04265254615384615 0.7537819194560669 0.05037704923076922 0.754201859832636 0.07896512461538462 0.7406518943514645 0.08873604692307692 0.7287872709205021 0.10874317 0.7231041276150628 0.1286555876923077 0.7258533242677825 0.12178753461538461 0.7171466223849372 0.1236321923076923 0.7143302437238493 0.14005705538461538 0.7132440115062761 0.1475550946153846 0.7083391474895397 0.15332788384615384 0.7126113117154811 0.15788600076923076 0.7060882876569038 0.1666934169230769 0.7035462709205021 0.19269979153846153 0.7074600962343096 0.3079291430769231 0.5921621610878661 0.31266431923076926 0.561377960251046 0.3265898353846154 0.5619266830543933 0.33294320615384615 0.52300129916318 0.3383824753846154 0.5229845041841004 0.34847456615384614 0.5080123441422594 0.35353091153846156 0.4741206077405858 0.3401283246153846 0.4609961621338912 0.3377113323076923 0.4468022813807532 0.31952416538461537 0.43487605543933056 0.30244461461538463 0.43478086297071133 0.2831745338461538 0.4258165941422594 0.27491475000000004 0.430575879707113 0.26196509076923075 0.42810104393305437 0.2602151376923077 0.4224850826359833 0.25020540076923076 0.4216284058577406 0.1982667569230769 0.4581797269874477 0.19391040153846154 0.4552345658995816 0.18978051 0.4576142081589958 0.1879482023076923 0.4678270826359832 0.15113739615384614 0.508325820083682 0.15141326384615383 0.5432366056485356 0.14729572307692307 0.5530127447698745 0.12466984615384614 0.5539701924686192 0.1185635376923077 0.5454090690376568 0.11629065538461539 0.5523688284518828 0.10444861076923077 0.5617250261506277 0.08519088230769231 0.5601572531380753 0.07411058307692307 0.5696590292887029 0.0567098623076923 0.5726713734309623 0.04008323846153846 0.583225789748954 0 0.6572127050209206 0 0.8100962730125523
2 0.6732454976923077 0.27431457322175734 0.6514760707692308 0.26698525941422596 0.6448468323076924 0.27099985669456067 0.6432286376923076 0.279141039748954 0.6166272784615384 0.2772261161087866 0.610473616923077 0.27288116213389124 0.6093660015384615 0.26105012866108784 0.5974745538461538 0.24082034518828452 0.5920352846153846 0.24083714016736402 0.580740873076923 0.25241060774058577 0.5744328030769231 0.25331766945606693 0.5725634430769231 0.24134105753138074 0.5661236153846154 0.2284909738493724 0.5240135461538462 0.2225558441422594 0.5143620307692308 0.2407811182008368 0.5097915630769231 0.23990764748953974 0.5060075415384615 0.25397274476987447 0.4999259353846154 0.2602046119246862 0.49172790615384615 0.3019463744769874 0.4866345084615385 0.3136486255230126 0.48762271615384617 0.31911900836820084 0.4839334 0.32475176569037656 0.48351752615384613 0.3362916422594142 0.4939801907692308 0.34779792782426777 0.5189036523076923 0.3546737112970711 0.5367449476923076 0.3549144822175732 0.5477675953846154 0.37603453242677826 0.5786779576923077 0.38511078870292886 0.5854142523076924 0.3800603462343096 0.6040172930769231 0.3804466956066946 0.6239050092307692 0.36840290167364015 0.6420798246153846 0.3729326328451883 0.6698114507692308 0.367669429916318 0.6787135715384615 0.3566950721757322 0.6951260838461538 0.34821234518828453 0.699741853076923 0.31106749476987444 0.7006683053846153 0.279555400627615 0.6933473253846154 0.2601990889121339 0.6886698015384616 0.26036146234309626 0.6813982253846154 0.27059113179916316 0.6732454976923077 0.27431457322175734
2 0.7765384615384615 0.29811715481171547 0.08076923076923077 0.10460251046025104
2 0.3096153846153846 0.223326359832636 0.09846153846153846 0.16108786610878661
2 0.19807692307692307 0.20188284518828453 0.07076923076923076 0.11820083682008369
2 0.04923076923076923 0.2102510460251046 0.05615384615384615 0.09309623430962342
2 0.08653846153846154 0.4273012552301255 0.13230769230769232 0.2405857740585774
2 0.2988461538461539 0.36610878661087864 0.05846153846153846 0.09414225941422594
2 0.38961538461538464 0.39644351464435146 0.054615384615384614 0.06694560669456066
2 0.4026923076923077 0.5360878661087866 0.1276923076923077 0.2719665271966527
2 0.8784615384615385 0.8906903765690377 0.18769230769230769 0.21652719665271966
2 0.9315384615384615 0.6992677824267782 0.12 0.17677824267782427
2 0.8207692307692308 0.6072175732217573 0.09538461538461539 0.10146443514644352
2 0.7688461538461538 0.49947698744769875 0.04230769230769231 0.07845188284518828
2 0.9103846153846153 0.516213389121339 0.17923076923076922 0.14748953974895398
2 0.9488461538461539 0.4006276150627615 0.10230769230769231 0.17154811715481172
2 0.8926923076923077 0.3368200836820084 0.07846153846153846 0.07531380753138076
2 0.911923076923077 0.29916317991631797 0.17615384615384616 0.058577405857740586
2 0.7138461538461538 0.3143305439330544 0.05923076923076923 0.09623430962343096
2 0.7315384615384616 0.44926778242677823 0.17692307692307693 0.06485355648535565
2 0.105 0.2834728033472803 0.1376923076923077 0.08786610878661087
2 0.23923076923076922 0.375 0.05 0.08891213389121339
2 0.2226923076923077 0.3169456066945607 0.054615384615384614 0.060669456066945605
2 0.18307692307692308 0.36035564853556484 0.057692307692307696 0.06276150627615062
2 0.4573076923076923 0.26359832635983266 0.10923076923076923 0.08472803347280335
2 0.791923076923077 0.6825313807531381 0.07153846153846154 0.09414225941422594