2 0.2965692307692308 0.6732112970711297 0.11622307692307694 0.27337866108786624
2 0.42652307692307695 0.586705020920502 0.1549692307692308 0.38016736401673645
2 0.6576923076923077 0.553347280334728 0.6630769230769231 0.5543933054393305 0.6653846153846154 0.5941422594142259 0.6792307692307692 0.5962343096234309 0.6807692307692308 0.6276150627615062 0.7830769230769231 0.7635983263598326 0.8092307692307692 0.7646443514644351 0.8176923076923077 0.7688284518828452 0.8215384615384616 0.7761506276150628 0.8276923076923077 0.7730125523012552 0.8346153846153846 0.7792887029288703 0.8507692307692307 0.7834728033472803 0.8523076923076923 0.7866108786610879 0.8446153846153847 0.7939330543933054 0.8646153846153846 0.7949790794979079 0.8838461538461538 0.8043933054393305 0.8923076923076924 0.8179916317991632 0.9192307692307692 0.8368200836820083 0.926923076923077 0.8378661087866108 0.9323076923076923 0.8713389121338913 0.9546153846153846 0.897489539748954 0.9623076923076923 0.9016736401673641 0.9992307692307693 0.9027196652719666 0.9992307692307693 0.7897489539748954 0.9923076923076923 0.7782426778242678 0.9946153846153846 0.7709205020920502 0.9830769230769231 0.7604602510460251 0.946923076923077 0.6694560669456067 0.9315384615384615 0.6558577405857741 0.9146153846153846 0.649581589958159 0.9046153846153846 0.6380753138075314 0.8853846153846154 0.6359832635983264 0.8746153846153846 0.6244769874476988 0.8730769230769231 0.6171548117154811 0.8661538461538462 0.6244769874476988 0.8438461538461538 0.6192468619246861 0.8407692307692308 0.608786610878661 0.8446153846153847 0.5742677824267782 0.8123076923076923 0.5271966527196653 0.8115384615384615 0.5167364016736402 0.8076923076923077 0.5135983263598326 0.803076923076923 0.5156903765690377 0.7553846153846154 0.4696652719665272 0.7453846153846154 0.4686192468619247 0.7430769230769231 0.47384937238493724 0.73 0.47384937238493724 0.7223076923076923 0.4675732217573222 0.7023076923076923 0.47280334728033474 0.6853846153846154 0.4696652719665272 0.6661538461538462 0.4780334728033473 0.6623076923076923 0.4916317991631799 0.6476923076923077 0.502092050209205 0.6492307692307693 0.5366108786610879 0.6576923076923077 0.553347280334728
2 0.3376923076923077 0.32426778242677823 0.3453846153846154 0.3368200836820084 0.3723076923076923 0.3472803347280335 0.39076923076923076 0.34623430962343094 0.40923076923076923 0.3619246861924686 0.4276923076923077 0.36506276150627615 0.4338461538461538 0.3713389121338912 0.4653846153846154 0.3682008368200837 0.47846153846153844 0.3493723849372385 0.49615384615384617 0.35251046025104604 0.5215384615384615 0.350418410041841 0.5330769230769231 0.3410041841004184 0.5338461538461539 0.3294979079497908 0.5307692307692308 0.32322175732217573 0.5323076923076923 0.3179916317991632 0.5284615384615384 0.3054393305439331 0.5246153846153846 0.2625523012552301 0.5192307692307693 0.25523012552301255 0.5169230769230769 0.2405857740585774 0.5123076923076924 0.2405857740585774 0.5046153846153846 0.22071129707112971 0.4623076923076923 0.2186192468619247 0.4546153846153846 0.2301255230125523 0.45153846153846156 0.24163179916317992 0.4453846153846154 0.2395397489539749 0.43538461538461537 0.22594142259414227 0.43 0.22489539748953974 0.41615384615384615 0.24267782426778242 0.41384615384615386 0.25418410041841005 0.4073076923076923 0.25732217573221755 0.38076923076923075 0.25418410041841005 0.38 0.24581589958158995 0.37384615384615383 0.2405857740585774 0.3515384615384615 0.24372384937238495 0.34384615384615386 0.2384937238493724 0.3376923076923077 0.22698744769874477 0.3330769230769231 0.22594142259414227 0.32384615384615384 0.24372384937238495 0.32153846153846155 0.27510460251046026 0.3223076923076923 0.3127615062761506 0.3376923076923077 0.32426778242677823
2 0.24673846153846152 0.24748953974895394 0.07233076923076921 0.09139121338912132
2 0.7170384615384615 0.26186192468619246 0.08406923076923074 0.14628661087866104
2 0.8293615384615385 0.262081589958159 0.060653846153846086 0.10751046025104599
2 0.9761538461538461 0.2986401673640167 0.047692307692307694 0.08472803347280335
2 0.9170076923076922 0.5063179916317991 0.11094615384615386 0.22201882845188278
2 0.7127153846153846 0.4054497907949791 0.05042307692307689 0.08565899581589957
2 0.6197769230769231 0.4180962343096234 0.04916153846153853 0.058640167364016796
2 0.5925307692307692 0.5542468619246862 0.10236923076923071 0.2551150627615063
2 0.0851 0.8152719665271966 0.1701923076923077 0.18617154811715483
2 0.0524076923076923 0.6157008368200837 0.10480769230769231 0.15835774058577418
2 0.17143076923076925 0.5455543933054393 0.08708461538461539 0.0860460251046025
2 0.23392307692307693 0.44859832635983266 0.03515384615384619 0.07257322175732217
2 0.08798461538461538 0.437479079497908 0.17596153846153847 0.11572175732217573
2 0.05480769230769231 0.314592050209205 0.10961538461538461 0.15236401673640165
2 0.12785384615384615 0.26404811715481175 0.07313846153846153 0.06174686192468616
2 0.10156153846153847 0.22156903765690375 0.19734615384615387 0.02124476987447699
2 0.3073153846153846 0.27559623430962343 0.05116153846153845 0.08745815899581591
2 0.27606153846153847 0.4061087866108787 0.1751923076923077 0.03206066945606692
2 0.9133230769230769 0.3605753138075314 0.13241538461538452 0.06389121338912138
2 0.770876923076923 0.42572175732217576 0.041753846153846134 0.08173640167364016
2 0.7931538461538461 0.371244769874477 0.0497615384615385 0.051255230125523014
2 0.8282384615384616 0.42179916317991634 0.05263846153846141 0.052970711297071114
2 0.5665846153846154 0.27406903765690377 0.10336923076923085 0.06610878661087868
2 0.19226153846153846 0.6252928870292886 0.06336923076923076 0.08339958158995818