2 0.29 0.6584728033472803 0.12692307692307692 0.2813807531380753
2 0.42346153846153844 0.5815899581589958 0.16923076923076924 0.3901673640167364
2 0.7986215969230769 0.7862890449790795 0.8069105053846154 0.7910696025104602 0.8104695792307692 0.7986554675732218 0.816735766923077 0.795959650627615 0.8234078053846154 0.8027199027196652 0.8393784799999999 0.8080479079497908 0.8407940576923078 0.8112911715481173 0.8328304830769232 0.8180558661087867 0.8527628153846154 0.8205238200836821 0.871604903846154 0.8312937625523014 0.8795314861538461 0.8454756443514645 0.9056930146153845 0.8661943577405858 0.9133345215384615 0.8677863964435146 0.9174234876923077 0.9015965397489539 0.9386941476923077 0.9292989257322175 0.9462148792307693 0.934024739539749 0.9830470961538461 0.9376970774058577 0.9873950061538461 0.8248811893305439 0.98092426 0.8128979790794979 0.9835105984615384 0.8057500721757321 0.9723905346153846 0.7944829864016737 0.9397887192307693 0.7010305177824268 0.9249485476923076 0.6863559330543932 0.908290213076923 0.678884 0.8987467607692308 0.6666818117154811 0.8796228638461537 0.663224010460251 0.8693112346153846 0.6509670763598326 0.86805669 0.6435454466527197 0.8608612923076924 0.6503648849372385 0.8387854638461538 0.6435543294979079 0.8361153415384615 0.6328894351464435 0.8412847530769231 0.5986916370292887 0.8108329661538461 0.5493857384937239 0.8104673738461539 0.5388850784518828 0.8067472661538462 0.535477579497908 0.80205769 0.5372382949790796 0.7562021138461539 0.4878820930962343 0.7462560769230769 0.48612582008368205 0.7437502553846154 0.4911845439330544 0.7306912538461539 0.4902538838912134 0.7232510384615385 0.4834388870292887 0.7030771561538461 0.4872384822175732 0.6862980469230769 0.48290032322175735 0.6667715653846154 0.48988843723849373 0.6624073223076923 0.5031944037656904 0.6474093838461539 0.5126001705020921 0.6476172084615385 0.547181180962343 0.6554230161538462 0.5644968378661088 0.6607599938461538 0.5659246433054393 0.6615347030769231 0.6057833566945606 0.6752813646153846 0.6088579445606694 0.6756099646153846 0.6403051809623431 0.7725438523076923 0.7833831328451882 0.7986215969230769 0.7862890449790795
2 0.43888860230769233 0.3668071914225941 0.4705046161538461 0.3659179508368201 0.48428827 0.34804596234309626 0.5018355553846153 0.3524388661087866 0.5272658992307692 0.35215625836820086 0.539150873076923 0.3435761056485356 0.5403618923076923 0.3321403430962343 0.5375307369230768 0.3256538148535565 0.5392683823076924 0.32054034623430966 0.5359106007692307 0.3077315240585774 0.5337203130769231 0.26462954602510463 0.5286248861538462 0.25693419246861926 0.5268839746153846 0.24214567573221757 0.5222749153846155 0.24181720815899582 0.51535806 0.2214225209205021 0.4731888653846154 0.21632237761506276 0.4650642569230769 0.22726543828451884 0.4615487084615385 0.23853696652719664 0.4554838123076923 0.23600982531380754 0.4460208769230769 0.2217184539748954 0.44068389923076917 0.22029064853556485 0.42617232769230773 0.23706330020920505 0.4234249553846154 0.2483895732217573 0.4167746792307693 0.25105801778242676 0.3903933630769231 0.246035550209205 0.3899472538461538 0.23762407322175733 0.3840031330769231 0.23196315794979078 0.3616052376923077 0.23350933472803348 0.3541247646153846 0.22773892991631797 0.3484221946153846 0.21581046548117155 0.3438533930769231 0.2144374048117155 0.33395088153846153 0.23153852510460252 0.33043859923076924 0.26271203765690376 0.3297574723076923 0.30037207845188285 0.3446781607692308 0.312957480125523 0.35187682538461534 0.3260400261506276 0.37836042076923077 0.33840200732217574 0.396836916923077 0.33867128974895394 0.4146692776923077 0.3556540366108787 0.43298474000000003 0.3601016841004184 0.43888860230769233 0.3668071914225941
2 0.2569230769230769 0.22960251046025104 0.07538461538461538 0.09623430962343096
2 0.7257692307692307 0.2777196652719665 0.08923076923076922 0.151673640167364
2 0.838076923076923 0.2860878661087866 0.06461538461538462 0.11192468619246862
2 0.9788461538461538 0.33263598326359833 0.04230769230769231 0.08786610878661087
2 0.9161538461538462 0.5360878661087866 0.11923076923076924 0.2301255230125523
2 0.7161538461538461 0.4205020920502092 0.05384615384615385 0.08891213389121339
2 0.6226923076923077 0.42677824267782427 0.05153846153846154 0.06171548117154812
2 0.5903846153846154 0.5606694560669456 0.1123076923076923 0.2625523012552301
2 0.08076923076923077 0.7850418410041841 0.16153846153846155 0.19769874476987448
2 0.051923076923076926 0.5836820083682008 0.10384615384615385 0.16527196652719664
2 0.17 0.5219665271966527 0.09 0.09205020920502092
2 0.23615384615384616 0.4299163179916318 0.03769230769230769 0.07531380753138076
2 0.09076923076923077 0.4084728033472803 0.18 0.12761506276150628
2 0.06269230769230769 0.28294979079497906 0.11538461538461539 0.1600418410041841
2 0.1373076923076923 0.23797071129707112 0.07538461538461538 0.06694560669456066
2 0.11269230769230769 0.19351464435146443 0.1976923076923077 0.03556485355648536
2 0.3161538461538462 0.26202928870292885 0.054615384615384614 0.09100418410041841
2 0.28 0.3901673640167364 0.17615384615384616 0.04497907949790795
2 0.9180769230769231 0.3901673640167364 0.1346153846153846 0.07322175732217573
2 0.7734615384615384 0.4450836820083682 0.04461538461538461 0.08472803347280335
2 0.7976923076923077 0.3922594142259414 0.05153846153846154 0.05439330543933055
2 0.8307692307692308 0.4450836820083682 0.054615384615384614 0.056485355648535567
2 0.575 0.2792887029288703 0.10615384615384615 0.07322175732217573
2 0.18769230769230769 0.6030334728033473 0.06615384615384616 0.08786610878661087