1 0.08544921875 0.7252604166666666 0.06787109375 0.11848958333333333
1 0.13330078125 0.7981770833333334 0.0380859375 0.080078125
1 0.178466796875 0.7757161458333334 0.07275390625 0.23111979166666666
1 0.2890625 0.794921875 0.07177734375 0.13541666666666666
1 0.66943359375 0.7314453125 0.0908203125 0.23307291666666666
1 0.82568359375 0.6334635416666666 0.16650390625 0.25390625
1 0.46142578125 0.24641927083333334 0.03369140625 0.07747395833333333
1 0.546142578125 0.7613932291666666 0.03759765625 0.04296875
1 0.414794921875 0.7926432291666666 0.0234375 0.033203125
1 0.37548828125 0.7985026041666666 0.0302734375 0.026692708333333332
1 0.3486328125 0.7955729166666666 0.02490234375 0.057291666666666664