1 0.06787109375 0.65625 0.05810546875 0.11002604166666667
1 0.10888671875 0.736328125 0.03125 0.07552083333333333
1 0.15576171875 0.7213541666666666 0.052734375 0.22395833333333334
1 0.263671875 0.7584635416666666 0.060546875 0.12630208333333334
1 0.64697265625 0.7571614583333334 0.07080078125 0.22330729166666666
1 0.81103515625 0.685546875 0.146484375 0.23177083333333334
1 0.48486328125 0.2421875 0.02734375 0.07356770833333333
1 0.52197265625 0.7669270833333334 0.0341796875 0.037760416666666664
1 0.388671875 0.7766927083333334 0.02099609375 0.029947916666666668
1 0.34912109375 0.7760416666666666 0.0283203125 0.022135416666666668
1 0.32275390625 0.7688802083333334 0.02001953125 0.0546875