1 0.054931640625 0.5641276041666666 0.0703125 0.12109375
1 0.0859375 0.6516927083333334 0.03955078125 0.08138020833333333
1 0.134033203125 0.6468098958333334 0.078125 0.232421875
1 0.236328125 0.7060546875 0.07470703125 0.13736979166666666
1 0.614990234375 0.7845052083333334 0.09619140625 0.23502604166666666
1 0.785400390625 0.748046875 0.171875 0.259765625
1 0.515380859375 0.2421875 0.03564453125 0.078125
1 0.490478515625 0.7682291666666666 0.0380859375 0.044270833333333336
1 0.357666015625 0.75 0.0244140625 0.033854166666666664
1 0.318603515625 0.7412109375 0.03076171875 0.027994791666666668
1 0.29345703125 0.728515625 0.0263671875 0.057942708333333336