1 0.6325904078125 0.41303854630715126 0.6274536375 0.422790223915592 0.6328818203125001 0.44243969402110195 0.6274917390625 0.4769210316529895 0.6340093687499999 0.5059134771395076 0.645313790625 0.5087018628370457 0.7380261390625 0.49673197069167646 0.7280849375 0.4114773247362251 0.7070326484375 0.40579837631887455 0.6690720578125 0.4165278675263775 0.656619625 0.41734527198124266 0.6449066593749999 0.4110532696365768 0.6325904078125 0.41303854630715126
1 0.63455268125 0.6047299413833529 0.634999325 0.662364365767878 0.64389059375 0.6982618663540446 0.669476365625 0.7024664173505275 0.733762196875 0.6888320691676436 0.7604959796874999 0.6894308288393904 0.7644656875 0.6562195381008207 0.75501064375 0.5885851465416179 0.7457298828125001 0.5762494337631887 0.7331412687500001 0.5758989660023447 0.6988385109374999 0.5910955943728019 0.6539708 0.596394429073857 0.63455268125 0.6047299413833529
1 0.41015697500000003 0.5500279026963658 0.41219968749999997 0.5675459812426729 0.3946104828125 0.5781150621336459 0.40361888281249997 0.5881150316529895 0.396380834375 0.5932973974208675 0.4061668046875 0.6503187667057444 0.4225299953125 0.6549404173505275 0.4428754953125 0.6501191817116061 0.4617807265625 0.6628210586166471 0.4624562421875 0.698502347010551 0.5265622125 0.7003948827667057 0.619161421875 0.6610503774912075 0.6087531125 0.5852408815943728 0.601418396875 0.5492412051582649 0.5921376375 0.5369054923798359 0.5507139609375 0.5313869531066823 0.42009958750000004 0.541137570926143 0.41015697500000003 0.5500279026963658
1 0.20638314218749998 0.6587257502930832 0.2206059265625 0.6730906799531067 0.2428647921875 0.6622150715123095 0.2673611171875 0.6570766471277844 0.297071828125 0.656303184056272 0.3120340828125 0.6635587069167643 0.31090653281249997 0.6000849237983588 0.302306678125 0.593588570926143 0.29794889062499996 0.5562166705744431 0.269386190625 0.5533843434935523 0.23230125156249998 0.5581723001172333 0.21085947031250002 0.5760551395076202 0.204612790625 0.6435434150058617 0.20638314218749998 0.6587257502930832
4 0.37730986875 0.8063752473622509 0.39164978437500003 0.7948426447831184 0.40618444374999996 0.7715291488862838 0.406106828125 0.7574125111371629 0.3366066109375 0.766681898007034 0.3042103859375 0.7982287315357561 0.303879459375 0.808841753810082 0.319989725 0.8124914865181712 0.37730986875 0.8063752473622509
4 0.125770425 0.8417158112543963 0.0906505828125 0.8499052086752638 0.076233053125 0.8473211723329426 0.060472764062499997 0.8601238229777256 0.0662318734375 0.8691602708089098 0.1013707671875 0.8880362778429074 0.1130251671875 0.9072770457209848 0.10775221718750001 0.9158608511137163 0.1289406875 0.9227076717467761 0.142424003125 0.9441820082063306 0.103198271875 0.9844148241500585 0.101310790625 0.995130021101993 0.11518359843749999 0.99304256975381 0.1356135484375 0.9799333939038687 0.1791194515625 0.9629558405627199 0.24225726875000003 0.9529272837045721 0.2935459421875 0.9354388522860493 0.30990951875 0.9143589237983588 0.3132759375 0.8894249132473622 0.282417215625 0.8938041676436107 0.283292865625 0.887862633059789 0.26229914062500004 0.869234917936694 0.16184353437500001 0.8417015181711607 0.125770425 0.8417158112543963
4 0.5888460109375 0.7642460973036342 0.5472861546875001 0.7575596858147714 0.5428302890625 0.7731507233294256 0.5825026640625001 0.7905523317702228 0.5920367343749999 0.7781583833528722 0.5888460109375 0.7642460973036342
4 0.52633053125 0.7930627796014067 0.5112320968749999 0.7846393845252052 0.503449325 0.7851502614302461 0.49743690625000003 0.8008434736225087 0.5167964609375 0.8054567268464243 0.5270114359375 0.7989021383352872 0.52633053125 0.7930627796014067
4 0.5312520921874999 0.8621715697538102 0.524481153125 0.8579087842907386 0.5103359843749999 0.8576604923798359 0.48307652812499996 0.8794556494724501 0.5037202749999999 0.8816309835873388 0.5249673109375 0.8755290386869872 0.5312520921874999 0.8621715697538102
4 0.41375200625 0.8498787385697538 0.442976559375 0.8314850222743259 0.43891018437499996 0.8235142696365768 0.42476501562499996 0.823265977725674 0.39614375156250003 0.8333824161781945 0.389450428125 0.8432362696365767 0.3981864640625 0.8509004947245018 0.41375200625 0.8498787385697538
4 0.3017972328125 0.8313378464243845 0.2690510296875 0.8464322989449004 0.2908618390625 0.872067245017585 0.32226528593750003 0.8723594783118405 0.3441544171875 0.8650385732708088 0.3671329953125 0.8670606436107854 0.3616462484375 0.860359939038687 0.3661021140625 0.8447689026963658 0.3737487046875 0.8430901524032826 0.3639232203125 0.8260829531066823 0.3528911609375 0.8256303094958969 0.33541908593750003 0.810301859320047 0.319989725 0.8124914865181712 0.30780965312499997 0.8156446342321219 0.3017972328125 0.8313378464243845
4 0.1266665390625 0.7686947022274326 0.128903996875 0.7744318862837046 0.14135643125 0.7736144818288394 0.13291180625000001 0.7953514044548652 0.187391203125 0.7917752602579132 0.22562415468750002 0.7833815123094959 0.2417929859375 0.7740824783118406 0.23644241875 0.7685496459554514 0.20902773125000002 0.7621115263774912 0.1724875140625 0.7715709706916765 0.1688296828125 0.767103834701055 0.1415511765625 0.7618335885111372 0.1266665390625 0.7686947022274326
4 0.10374440625 0.8949413329425556 0.040568485937499996 0.8508390820633059 0.051871496875 0.9477724466588511 0.0993661578125 0.9246490070339977 0.1082193234375 0.9064157010550996 0.10374440625 0.8949413329425556
4 0.632857121875 0.7919542016412661 0.6551159890625 0.7810785932004689 0.65274235 0.7741735369284878 0.6301335046875 0.7685967643610785 0.597114940625 0.7813554724501759 0.5813546515625 0.794158121922626 0.60680424375 0.7971948007033998 0.632857121875 0.7919542016412661
4 0.90340473125 0.8389194853458383 0.8522331875000001 0.8305103845252051 0.8370176234375 0.8479845216881594 0.8969252031250001 0.8640578487690503 0.9078796484374999 0.8503938534583821 0.90340473125 0.8389194853458383
4 0.3828537703125 0.894272164126612 0.385227409375 0.9011772192262603 0.3959871078125 0.8992941184056272 0.3921930953125 0.8936591101992966 0.3828537703125 0.894272164126612
4 0.41674798593749995 0.8755719202813599 0.3961042375 0.8733965861664713 0.37668611875 0.8817320996483001 0.41161121562499997 0.8853235967174677 0.42338274531250003 0.8786668335287221 0.41674798593749995 0.8755719202813599