1 0.6241824171875 0.4063108898007034 0.6199647953125 0.41630766002344666 0.6272066125 0.43562516529894485 0.6250354703125 0.47030461313012895 0.63423271875 0.4988853165298945 0.645768846875 0.5010752614302462 0.737142484375 0.4842821676436108 0.719299178125 0.3997554982415006 0.697770184375 0.39519221336459553 0.6608996109375 0.4078823423212192 0.6485535078125 0.40934948886283706 0.6362840921874999 0.40368584407971864 0.6241824171875 0.4063108898007034
1 0.6439619000000001 0.5974326342321219 0.6497658625 0.6549032860492381 0.6619729453125001 0.6902479929660023 0.6878872984375 0.6931031992966002 0.750748915625 0.6761374841735053 0.77747324375 0.6753355978898008 0.7783455515625 0.6419974431418524 0.762625415625 0.5750226611957796 0.7522203828125 0.5632027327080891 0.73962985 0.5635119788980071 0.7068235171875 0.5804669191090269 0.662557746875 0.5881011242672919 0.6439619000000001 0.5974326342321219
1 0.4150270375 0.554608223915592 0.4186934703125 0.5719767174677608 0.40212974375000005 0.583440634232122 0.41204591874999996 0.5929447631887456 0.40530731875 0.5984933282532239 0.420370859375 0.6548636213364595 0.437123875 0.6586176002344666 0.45697157343750006 0.6527432696365768 0.47701167499999997 0.6644247479484174 0.48100291562499997 0.6999837631887456 0.54512868125 0.6985165228604924 0.633844375 0.6544214196951934 0.6164132359375001 0.5793413399765533 0.605749415625 0.5438132403282533 0.5953443828125 0.5319933106682297 0.5535085421875 0.5286562391559203 0.4241188765625 0.5452191746776084 0.4150270375 0.554608223915592
1 0.221855475 0.6737063622508792 0.2373791546875 0.6872919109026964 0.25857266874999996 0.675277814771395 0.2825315921875 0.6688698229777257 0.31209801718749997 0.6665432508792497 0.3276983875 0.6729980082063306 0.32067228124999997 0.609737858147714 0.31148939375 0.6037074267291911 0.30366767031249997 0.5666546400937866 0.27491122031250004 0.565324120750293 0.23836176406249998 0.5720413587338804 0.21863482343750001 0.5910028522860492 0.2186779 0.6586536670574443 0.221855475 0.6737063622508792
4 0.406093146875 0.812050263774912 0.41932591874999997 0.7997952356389214 0.43165766406249995 0.775777817116061 0.43026777968749996 0.7616996283704572 0.361798659375 0.7745839249706917 0.33241433125 0.8077494595545134 0.333070928125 0.8183539484173505 0.3494812734375 0.8211516143024619 0.406093146875 0.812050263774912
4 0.178189859375 1 0.1811216875 0.9978354853458382 0.22294316875 0.9786222848769051 0.284994809375 0.9653136623681126 0.33453260625 0.9451834958968347 0.348896471875 0.9232984841735054 0.34993651875 0.89824901992966 0.319560115625 0.9042326846424384 0.319881234375 0.8982597936694021 0.2972067875 0.8807762203985932 0.1944360421875 0.8585675158264947 0.158452134375 0.8604697620164127 0.12417922968749999 0.8704773048065652 0.109556575 0.8686541453692849 0.0950249703125 0.8822504677608441 0.10161019062500001 0.8909634841735052 0.138418434375 0.9079544173505276 0.151833303125 0.9265383505275498 0.1473712515625 0.9353772215709261 0.1691446734375 0.9410984056271982 0.1845916625 0.9618147444314186 0.15255959375 1 0.178189859375 1
4 0.613197153125 0.7589524021101993 0.5711168843750001 0.7544574302461899 0.56812140625 0.7702436987104337 0.6093150109375001 0.785526552168816 0.6176735625 0.7726638042203986 0.613197153125 0.7589524021101993
4 0.5535131125 0.7909708112543962 0.5376683140625 0.7833581535756156 0.5299519984375001 0.7842751195779601 0.5254132593749999 0.8002447807737397 0.545154559375 0.8038335592028136 0.5547352562500001 0.7967603083235638 0.5535131125 0.7909708112543962
4 0.5648478890625 0.859653672919109 0.5576971203125 0.8557556471277843 0.543563325 0.8562482872215709 0.5183966171875001 0.8794170527549824 0.5391923234375 0.8805066389214538 0.559820290625 0.8733075345838218 0.5648478890625 0.859653672919109
4 0.44649113281249997 0.8535404818288393 0.47393439062500003 0.8336620222743258 0.4691368625 0.8259235123094959 0.455003065625 0.8264161524032826 0.42739207031250004 0.8380059214536928 0.4216311859375 0.8481860844079719 0.43105850312499994 0.8553744150058616 0.44649113281249997 0.8535404818288393
4 0.33308528593750003 0.8409042203985931 0.3018222171875 0.8576757678780774 0.3259632375 0.8821067397420868 0.35731735625 0.880754672919109 0.378472525 0.8723059730363424 0.401583125 0.873120468933177 0.3954867640625 0.8667232508792497 0.39848224062500004 0.8509369835873388 0.40595412656249996 0.8488621172332943 0.3945713796875 0.8324105896834701 0.38352410937500003 0.8325364431418523 0.364669475 0.8181597819460728 0.3494812734375 0.8211516143024619 0.3376240265625 0.8249345603751466 0.33308528593750003 0.8409042203985931
4 0.15255712500000002 0.7875796283704573 0.15532253125 0.7931857327080891 0.1676686359375 0.7917185861664713 0.1612655140625 0.8138445322391559 0.2152797203125 0.8074257667057445 0.2526391515625 0.7970514372801876 0.26790404375 0.7869288135990621 0.262052109375 0.7816894958968348 0.2341056359375 0.7767018851113716 0.198533896875 0.7880507209847597 0.1944696546875 0.7837859085580305 0.1667676109375 0.7799561969519344 0.15255712500000002 0.7875796283704573
4 0.1414282703125 0.9147184220398593 0.0743059546875 0.8740300902696366 0.09459355 0.970135754982415 0.1398226765625 0.944582878077374 0.146959084375 0.9259306307151232 0.1414282703125 0.9147184220398593
4 0.6596771421875001 0.7842895662368112 0.6808706578125 0.77227547010551 0.677860821875 0.7655114654161782 0.654788565625 0.7611315744431418 0.6230366390625 0.7755873223915591 0.608505034375 0.7891836447831183 0.6341749578125 0.7908809507620164 0.6596771421875001 0.7842895662368112
4 0.93393218125 0.8169805791324737 0.8821034765625001 0.8112701676436108 0.8685495875000001 0.8294980879249707 0.929805609375 0.8423968300117233 0.9394629968749999 0.8281927878077374 0.93393218125 0.8169805791324737
4 0.41979552187499997 0.8994429120750292 0.42280535781250006 0.906206916764361 0.43336377031250006 0.9037652637749122 0.42905509999999997 0.898342552168816 0.41979552187499997 0.8994429120750292
4 0.45186856875 0.8790142731535756 0.43107286250000004 0.8779246869871044 0.41247701562500005 0.8872561969519343 0.44765094687499996 0.889011042203986 0.45877490625000006 0.8817543985932004 0.45186856875 0.8790142731535756