1 0.35625 0.5181711606096131 0.3671875 0.5146541617819461 0.3703125 0.48534583821805394 0.3609375 0.451348182883939 0.3640625 0.43141852286049237 0.3578125 0.4220398593200469 0.3453125 0.4208675263774912 0.334375 0.42790152403282533 0.321875 0.42790152403282533 0.2828125 0.4196951934349355 0.2625 0.42672919109026963 0.2625 0.5123094958968347 0.35625 0.5181711606096131
1 0.2625 0.7057444314185228 0.2890625 0.7033997655334114 0.3546875 0.712778429073857 0.3796875 0.7069167643610785 0.384375 0.6705744431418523 0.378125 0.6131301289566237 0.3578125 0.6060961313012896 0.3125 0.6037514654161782 0.2765625 0.5908558030480656 0.2640625 0.5920281359906213 0.25625 0.6049237983587339 0.2546875 0.6729191090269636 0.2625 0.7057444314185228
1 0.49681718750000003 0.7013692848769051 0.560459375 0.6952919109026963 0.5569875 0.6597022274325909 0.5743453125 0.6458124267291911 0.5951734375 0.6492848769050411 0.6109375 0.6436107854630715 0.6140625 0.5861664712778429 0.60625 0.5814771395076201 0.6140625 0.570926143024619 0.5953125 0.5615474794841735 0.5953125 0.5439624853458382 0.584375 0.5357561547479485 0.453125 0.5345838218053928 0.4125 0.5427901524032825 0.4046875 0.5556858147713951 0.4015625 0.5920281359906213 0.4 0.6682297772567409 0.49681718750000003 0.7013692848769051
1 0.7 0.5873388042203986 0.70625 0.6506447831184057 0.7203125 0.6424384525205158 0.75 0.6412661195779601 0.775 0.6447831184056272 0.7984375 0.6541617819460727 0.8109375 0.6389214536928488 0.8109375 0.6236811254396248 0.796875 0.5568581477139508 0.7734375 0.5404454865181711 0.7359375 0.5381008206330598 0.7078125 0.5427901524032825 0.7078125 0.5803048065650644 0.7 0.5873388042203986
4 0.6421875 0.7866354044548651 0.6578125 0.7971864009378663 0.715625 0.7995310668229777 0.73125 0.794841735052755 0.7296875 0.7842907385697538 0.69375 0.7549824150058617 0.6234375 0.7502930832356389 0.625 0.7643610785463072 0.6421875 0.7866354044548651
4 0.75625 0.9202813599062134 0.809375 0.9343493552168816 0.8734375 0.94021101992966 0.91875 0.9542790152403282 0.940625 0.9660023446658851 0.9546875 0.9671746776084408 0.9515625 0.9566236811254396 0.9078125 0.9191090269636577 0.91875 0.8968347010550997 0.9390625 0.8886283704572099 0.9328125 0.88042203985932 0.9421875 0.8604923798358733 0.975 0.839390386869871 0.9796875 0.8300117233294255 0.9625 0.8182883939038686 0.9484375 0.8218053927315357 0.9125 0.8159437280187574 0.8765625 0.8182883939038686 0.7796875 0.8522860492379836 0.7609375 0.8722157092614302 0.7625 0.8780773739742087 0.73125 0.8757327080890973 0.7375 0.9003516998827668 0.75625 0.9202813599062134
4 0.4515625 0.794841735052755 0.4890625 0.7749120750293084 0.4828125 0.7596717467760844 0.4421875 0.7690504103165299 0.440625 0.7831184056271981 0.4515625 0.794841735052755
4 0.5078125 0.7995310668229777 0.51875 0.8053927315357562 0.5375 0.7995310668229777 0.5296875 0.7842907385697538 0.521875 0.7842907385697538 0.5078125 0.7936694021101993 0.5078125 0.7995310668229777
4 0.51875 0.8757327080890973 0.540625 0.88042203985932 0.5609375 0.876905041031653 0.53125 0.8569753810082064 0.5171875 0.8581477139507621 0.5109375 0.8628370457209847 0.51875 0.8757327080890973
4 0.6265625 0.8429073856975381 0.6421875 0.8429073856975381 0.65 0.8347010550996483 0.6421875 0.8253223915592028 0.6125 0.8171160609613131 0.5984375 0.8182883939038686 0.5953125 0.8264947245017585 0.6265625 0.8429073856975381
4 0.6734375 0.8347010550996483 0.6796875 0.8499413833528722 0.675 0.8569753810082064 0.69765625 0.8534583821805393 0.7203125 0.8593200468933178 0.7515625 0.8569753810082064 0.7703125 0.8300117233294255 0.7359375 0.8171160609613131 0.728125 0.8018757327080891 0.715625 0.7995310668229777 0.7 0.798358733880422 0.684375 0.8147713950762017 0.6734375 0.8159437280187574 0.665625 0.8335287221570926 0.6734375 0.8347010550996483
4 0.80625 0.7643610785463072 0.8453125 0.7702227432590856 0.9 0.7702227432590856 0.8890625 0.7491207502930832 0.9015625 0.7491207502930832 0.903125 0.7432590855803048 0.8875 0.7373974208675264 0.8609375 0.7444314185228605 0.8578125 0.7491207502930832 0.8203125 0.7420867526377491 0.79375 0.7502930832356389 0.7890625 0.7561547479484173 0.80625 0.7643610785463072
4 0.9484375 0.8968347010550997 0.9984375 0.9167643610785463 0.9984375 0.8194607268464243 0.940625 0.8675263774912075 0.9375 0.8792497069167644 0.9484375 0.8968347010550997
4 0.4015625 0.7995310668229777 0.428125 0.8030480656506448 0.453125 0.798358733880422 0.4359375 0.7866354044548651 0.4015625 0.776084407971864 0.3796875 0.7831184056271981 0.378125 0.7901524032825322 0.4015625 0.7995310668229777
4 0.146875 0.8886283704572099 0.2046875 0.8686987104337632 0.1875 0.8522860492379836 0.1375 0.8640093786635404 0.134375 0.8757327080890973 0.146875 0.8886283704572099
4 0.6609375 0.8921453692848769 0.6625 0.8851113716295428 0.653125 0.8851113716295428 0.65 0.8909730363423212 0.6609375 0.8921453692848769
4 0.6328125 0.8780773739742087 0.6671875 0.8722157092614302 0.646875 0.8651817116060961 0.6265625 0.8686987104337632 0.6203125 0.8722157092614302 0.6328125 0.8780773739742087