2 0.18694888178913738 0.5951558752997602 0.09199680511182107 0.07213429256594728
2 0.49308306709265176 0.6426378896882494 0.14234824281150163 0.07681055155875294
2 0.2514696485623003 0.7552278177458034 0.030782747603833836 0.084748201438849
2 0.1819488817891374 0.7686091127098321 0.030766773162939284 0.07489208633093529
2 0.14154952076677316 0.7805995203836931 0.03263578274760384 0.084748201438849
2 0.06966453674121406 0.7918944844124701 0.04295527156549521 0.06218225419664256
2 0.13322683706070287 0.9234292565947242 0.1856549520766773 0.1531414868105516
2 0.3151916932907348 0.8894484412470024 0.07974440894568692 0.09081534772182255
2 0.3830031948881789 0.8859232613908873 0.04059105431309908 0.08659472422062353
2 0.411038338658147 0.8612230215827338 0.030862619808306745 0.08517985611510787
2 0.49261980830670926 0.8299760191846524 0.02677316293929711 0.1044844124700241
2 0.5288019169329073 0.8325659472422062 0.0371086261980831 0.10117505995203822
2 0.6106869009584664 0.8191606714628297 0.018610223642172487 0.07721822541966437
2 0.6330830670926517 0.8224460431654675 0.023929712460063927 0.0837889688249399
2 0.7325239616613418 0.8099999999999999 0.04049520766773167 0.06170263788968829
2 0.9335782747603834 0.9220143884892087 0.11937699680511185 0.15597122302158264
2 0.6708306709265176 0.6877458033573142 0.03362619808306702 0.09935251798561139
2 0.7484984025559105 0.688705035971223 0.057412140575079776 0.08431654676258986
2 0.5220766773162939 0.7065707434052757 0.08346645367412141 0.06925659472422062
2 0.3806709265175719 0.6858752997601918 0.06370607028753993 0.044820143884892215
2 0.4328115015974441 0.6757793764988009 0.038690095846645414 0.10076738609112705
2 0.3327316293929713 0.6435731414868106 0.1749520766773163 0.027913669064748167
2 0.2627476038338658 0.5909112709832134 0.05940894568690096 0.058033573141486786
2 0.04354632587859425 0.5505035971223021 0.0870926517571885 0.05103117505995197
2 0.12712460063897763 0.532158273381295 0.06632587859424922 0.04206235011990413
2 0.6113099041533546 0.5283932853717026 0.1401277955271566 0.04019184652278175
2 0.7438019169329073 0.5537889688249401 0.04049520766773167 0.028896882494004822
2 0.8059584664536741 0.5681294964028777 0.03891373801916926 0.020887290167865658
2 0.8584185303514377 0.5641247002398082 0.051741214057508145 0.021366906474820205
2 0.9623162939297124 0.5737649880095923 0.07536741214057519 0.020887290167865658
2 0.621038338658147 0.5721103117505995 0.07723642172523966 0.031702637889688315
2 0.5511980830670926 0.5716546762589928 0.06656549520766766 0.025131894484412512
2 0.3310223642172524 0.58810551558753 0.052108626198083076 0.018537170263789014
2 0.915111821086262 0.723956834532374 0.05987220447284348 0.04199040767386089
2 0.8460543130990416 0.727242206235012 0.021373801916933083 0.07112709832134285
2 0.7915654952076677 0.7829496402877698 0.020127795527156586 0.06688249400479614
2 0.7419169329073483 0.7519424460431655 0.029217252396166075 0.044340527577937675
2 0.968035143769968 0.7526378896882494 0.030415335463258728 0.06549160671462817
2 0.2452076677316294 0.8913189448441248 0.03936102236421723 0.15664268585131907
2 0.30110223642172523 0.6999760191846522 0.08915335463258786 0.044820143884892215
2 0.23282747603833867 0.6633093525179856 0.024025559105431343 0.03354916067146285