2 0.18130990415335463 0.5287769784172662 0.09744408945686901 0.09112709832134293
2 0.48003194888178913 0.6402877697841727 0.1485623003194888 0.10551558752997602
2 0.23003194888178913 0.7002398081534772 0.038338658146964855 0.09112709832134293
2 0.1597444089456869 0.6990407673860911 0.036741214057507986 0.0815347721822542
2 0.11900958466453675 0.7026378896882494 0.039936102236421724 0.09112709832134293
2 0.04712460063897764 0.6990407673860911 0.04792332268370607 0.06954436450839328
2 0.09824281150159744 0.842925659472422 0.1964856230031949 0.18944844124700239
2 0.28115015974440893 0.8465227817745803 0.0878594249201278 0.10551558752997602
2 0.34824281150159747 0.8573141486810552 0.04792332268370607 0.09352517985611511
2 0.37859424920127793 0.8393285371702638 0.038338658146964855 0.09112709832134293
2 0.46246006389776356 0.8249400479616307 0.036741214057507986 0.1079136690647482
2 0.4976038338658147 0.8357314148681055 0.0463258785942492 0.1079136690647482
2 0.5798722044728435 0.8393285371702638 0.025559105431309903 0.0815347721822542
2 0.6022364217252396 0.8465227817745803 0.03194888178913738 0.08872901678657075
2 0.7012779552715654 0.8561151079136691 0.0463258785942492 0.06954436450839328
2 0.8905750798722045 0.9592326139088729 0.13258785942492013 0.0815347721822542
2 0.6517571884984026 0.7218225419664268 0.04313099041533546 0.10551558752997602
2 0.7284345047923323 0.7386091127098321 0.06389776357827476 0.09592326139088729
2 0.5023961661341853 0.7086330935251799 0.08945686900958466 0.08633093525179857
2 0.36421725239616615 0.6594724220623501 0.0670926517571885 0.05755395683453238
2 0.4169329073482428 0.6594724220623501 0.04792332268370607 0.1079136690647482
2 0.3210862619808307 0.6067146282973621 0.1757188498402556 0.06474820143884892
2 0.2563897763578275 0.5407673860911271 0.06389776357827476 0.06954436450839328
2 0.0439297124600639 0.45443645083932854 0.0878594249201278 0.06954436450839328
2 0.12779552715654952 0.45443645083932854 0.07028753993610223 0.05515587529976019
2 0.6078274760383386 0.5515587529976019 0.14217252396166133 0.06954436450839328
2 0.7364217252396166 0.60431654676259 0.04313099041533546 0.03597122302158273
2 0.7963258785942492 0.63189448441247 0.039936102236421724 0.02877697841726619
2 0.8490415335463258 0.6378896882494005 0.052715654952076675 0.03117505995203837
2 0.9512779552715654 0.6690647482014388 0.07667731629392971 0.03597122302158273
2 0.6134185303514377 0.5971223021582733 0.07987220447284345 0.047961630695443645
2 0.5439297124600639 0.5815347721822542 0.06869009584664537 0.03836930455635491
2 0.3242811501597444 0.5515587529976019 0.052715654952076675 0.02877697841726619
2 0.8905750798722045 0.8081534772182254 0.06389776357827476 0.05515587529976019
2 0.8218849840255591 0.7973621103117506 0.027156549520766772 0.07434052757793765
2 0.762779552715655 0.8405275779376499 0.025559105431309903 0.06954436450839328
2 0.7164536741214057 0.7997601918465228 0.03354632587859425 0.050359712230215826
2 0.9400958466453674 0.8477218225419664 0.036741214057507986 0.07194244604316546
2 0.21166134185303515 0.8345323741007195 0.052715654952076675 0.1630695443645084
2 0.28434504792332266 0.657074340527578 0.0926517571884984 0.06235011990407674
2 0.22044728434504793 0.605515587529976 0.027156549520766772 0.03836930455635491