2 0.8162939297124601 0.5707434052757794 0.09424920127795527 0.07913669064748201
2 0.5119808306709265 0.6414868105515588 0.14536741214057508 0.08872901678657075
2 0.7571884984025559 0.7350119904076738 0.03354632587859425 0.08633093525179857
2 0.8266773162939297 0.7434052757793765 0.03354632587859425 0.07673860911270983
2 0.8674121405750799 0.7517985611510791 0.03514376996805112 0.08633093525179857
2 0.9400958466453674 0.7577937649880095 0.04472843450479233 0.06474820143884892
2 0.8809904153354633 0.894484412470024 0.1900958466453674 0.16786570743405277
2 0.6980830670926518 0.8741007194244604 0.08306709265175719 0.09592326139088729
2 0.6301916932907349 0.8764988009592326 0.04313099041533546 0.08872901678657075
2 0.6014376996805112 0.8537170263788969 0.03354632587859425 0.08633093525179857
2 0.5191693290734825 0.8285371702637889 0.03035143769968051 0.10551558752997602
2 0.48322683706070285 0.8345323741007195 0.039936102236421724 0.10311750599520383
2 0.4009584664536741 0.8273381294964028 0.020766773162939296 0.07913669064748201
2 0.37859424920127793 0.8321342925659473 0.027156549520766772 0.08633093525179857
2 0.2787539936102236 0.8273381294964028 0.04313099041533546 0.06474820143884892
2 0.08146964856230032 0.9364508393285371 0.12460063897763578 0.12709832134292565
2 0.33626198083067094 0.7014388489208633 0.036741214057507986 0.10071942446043165
2 0.25878594249201275 0.7074340527577938 0.06070287539936102 0.08872901678657075
2 0.48482428115015974 0.7074340527577938 0.08626198083067092 0.07673860911270983
2 0.6253993610223643 0.6762589928057554 0.06549520766773163 0.050359712230215826
2 0.5734824281150159 0.670263788968825 0.04153354632587859 0.10311750599520383
2 0.6717252396166135 0.6306954436450839 0.1757188498402556 0.0407673860911271
2 0.7404153354632588 0.5719424460431655 0.06070287539936102 0.06235011990407674
2 0.9560702875399361 0.513189448441247 0.0878594249201278 0.05755395683453238
2 0.8738019169329073 0.5023980815347722 0.0670926517571885 0.047961630695443645
2 0.38977635782747605 0.5371702637889688 0.14057507987220447 0.050359712230215826
2 0.25878594249201275 0.5731414868105515 0.04153354632587859 0.03117505995203837
2 0.1964856230031949 0.592326139088729 0.039936102236421724 0.023980815347721823
2 0.14456869009584664 0.592326139088729 0.052715654952076675 0.026378896882494004
2 0.04073482428115016 0.6103117505995204 0.07667731629392971 0.026378896882494004
2 0.3817891373801917 0.5815347721822542 0.07827476038338659 0.03836930455635491
2 0.4512779552715655 0.5755395683453237 0.0670926517571885 0.03117505995203837
2 0.6717252396166135 0.5743405275779376 0.052715654952076675 0.02158273381294964
2 0.09345047923322684 0.7565947242206235 0.06070287539936102 0.045563549160671464
2 0.1621405750798722 0.7541966426858513 0.023961661341853034 0.07194244604316546
2 0.21884984025559107 0.8057553956834532 0.022364217252396165 0.06954436450839328
2 0.26757188498402557 0.7709832134292566 0.03035143769968051 0.045563549160671464
2 0.04153354632587859 0.7889688249400479 0.03194888178913738 0.0671462829736211
2 0.768370607028754 0.8705035971223022 0.04472843450479233 0.1606714628297362
2 0.7052715654952076 0.684652278177458 0.09105431309904154 0.05275779376498801
2 0.7723642172523961 0.6426858513189448 0.025559105431309903 0.03597122302158273