2 0 0.601328522875817 0.023324571895424837 0.5966142614379085 0.2419173366013072 0.615512074074074 0.3565118725490196 0.6099478278867102 0.6179615964052287 0.6155812636165577 0.9951826437908496 0.6331450610021787 0.9958099215686274 0.6091945185185186 0.9909679722222222 0.6067890958605664 0.8179278937908496 0.5965521938997821 0.7705141127450981 0.5965245381263616 0.7539560964052288 0.6044734880174292 0.7279993071895424 0.5967249825708061 0.6461216290849674 0.6016325816993464 0.5418382712418301 0.5880571328976035 0.45016264379084964 0.592508531590414 0.43242783823529407 0.5829628714596949 0.420768795751634 0.5911399237472768 0.2981233545751634 0.5919693572984749 0.19710597875816993 0.5785459760348584 0.07907438562091502 0.5904901220043572 0 0.5762152374727669 0 0.601328522875817
2 0.42010527287581695 0.47807503050108935 0.44005502614379083 0.4445014117647059 0.4440249395424837 0.42289520261437913 0.4471509330065359 0.4076043333333333 0.4160560016339869 0.4506476753812636 0.3764272124183007 0.4814890980392157 0.3313556633986928 0.5120770980392156 0.32538252777777776 0.5581060588235294 0.3459325294117647 0.5536151263616558 0.36780310457516335 0.524671834422658 0.38880440522875814 0.5029495751633987 0.42010527287581695 0.47807503050108935
2 0.6910159591503268 0.38572518518518517 0.6948314526143791 0.4273224074074074 0.7133438692810458 0.4696039302832244 0.7396428104575163 0.46428850544662315 0.7486631486928105 0.4320088431372549 0.7653922401960784 0.4175279259259259 0.7597156535947712 0.3845639607843137 0.7288598905228758 0.3765873529411765 0.6910159591503268 0.38572518518518517
2 1 0.40392646187363834 0.9543838006535948 0.380548045751634 0.8790380882352942 0.385759779956427 0.8657460539215687 0.39386079956427017 0.8680426062091503 0.4310273420479303 0.8626304035947712 0.4503951394335512 0.8929159150326799 0.4801449673202614 0.999003339869281 0.4872644836601307 1 0.4492103376906318 1 0.40392646187363834
2 0.801603181372549 0.40831405882352945 0.8027229444444444 0.42798599128540304 0.8265905392156863 0.45307703921568626 0.8609974133986928 0.45031910457516344 0.8715366911764706 0.42247011982570803 0.8646262908496732 0.3741888671023965 0.8335994509803922 0.37274422440087146 0.8266683071895424 0.3876813442265795 0.801603181372549 0.40831405882352945
2 0.8070309232026144 0.5132056862745098 0.8163156454248366 0.5332577864923748 0.8390064509803922 0.5408542265795208 0.8604064166666666 0.5353106993464053 0.8616609738562091 0.487409614379085 0.8340711928104575 0.4795850740740741 0.8174561519607844 0.4897113464052288 0.8070309232026144 0.5132056862745098
2 0.9855745 1 0.9877123267973857 0.9183742527233115 0.9635596045751634 0.9041698126361656 0.9535905800653595 0.910245577342048 0.9079808676470589 0.9037619869281046 0.8960937238562091 0.9206483267973856 0.8634338921568628 0.919127651416122 0.8457561127450981 0.9074046710239652 0.8374200784313726 0.9135564684095862 0.811577339869281 0.9014533180827886 0.8032983316993464 0.9054277930283224 0.7987415098039216 0.8921357581699346 0.7824686192810457 0.8891981002178649 0.6913425016339869 0.9350946492374728 0.6815445522875817 0.9346384466230937 0.6740638986928105 0.9081304139433551 0.658076135620915 0.8943061437908496 0.648164135620915 0.8982045860566449 0.637795933006536 0.9195216034858388 0.609864 0.9247609956427015 0.5997238986928104 0.9373687254901961 0.5836791094771242 0.9257217777777778 0.5330563725490196 0.9233647298474945 0.5217394820261437 0.9184778496732026 0.5171826584967321 0.9051858169934641 0.4428634019607843 0.8712057538126362 0.3513588513071896 0.8691251851851851 0.3131727663398693 0.8913269520697168 0.11208670424836602 0.8906840871459696 0.08415477287581699 0.8959234793028322 0.07547658660130718 0.9151392091503269 0.05570961274509804 0.9207587712418301 0.04129781535947712 0.9091878562091503 0.02794875653594771 0.9194661960784314 0.005200924836601307 0.9140470806100218 0 0.907538294117647 0 0.9748442810457517 0.5402741470588236 1 0.9855745 1
2 0 0.5191681525054466 0.1726318480392157 0.5141870958605664 0.217064772875817 0.503176074074074 0.22371078921568627 0.49912556644880174 0.2223629248366013 0.48816292156862745 0.25384596568627454 0.47218898692810457 0.3425977630718954 0.4545215882352941 0.35663112581699347 0.4181153834422658 0.3240853447712418 0.4122400653594771 0.2928874297385621 0.4173273899782135 0.2893933464052288 0.42588461002178646 0.27160151470588234 0.4185162723311547 0.22373153267973855 0.4359071917211329 0.06183726797385621 0.437089137254902 0.01814567320261438 0.4197949716775599 0.0017017075163398693 0.42338927886710237 0 0.4883633093681917 0 0.5191681525054466
2 0.5954833513071895 0.47501611111111114 0.5917611666666667 0.4922826187363834 0.6146800735294118 0.4911697690631808 0.6133322075163399 0.4802071263616558 0.5954833513071895 0.47501611111111114
2 0.5283596225490196 0.47843069281045747 0.528966158496732 0.517698522875817 0.542864727124183 0.5488653355119826 0.5481628790849673 0.5338521830065359 0.5283596225490196 0.47843069281045747
2 0.4365699428104575 0.487236734204793 0.43628481699346405 0.4981233442265795 0.45098174019607845 0.49880764923747273 0.44642491830065356 0.48551561437908497 0.4365699428104575 0.487236734204793
2 0.41769463071895424 0.5212375163398693 0.40592153921568624 0.533769211328976 0.3976350522875817 0.5588171786492375 0.38197617647058824 0.5740738583877996 0.3879949133986928 0.5939738910675381 0.4114840751633987 0.5710878213507625 0.41795901470588237 0.5735692788671024 0.4265801748366013 0.5565308714596949 0.42580256372549014 0.5237950065359477 0.41769463071895424 0.5212375163398693
2 0.9137352205882353 0.87133025708061 0.9197539591503268 0.8912302919389978 0.9523567647058824 0.8949282875816994 0.9674528660130719 0.8803713376906318 0.9722377908496733 0.8849540827886709 0.9725799428104576 0.8718901503267974 0.9429217107843137 0.8181897799564269 0.914611344771242 0.7754520522875817 0.8937246062091504 0.7613996819172114 0.8860728758169936 0.741423614379085 0.839001248366013 0.7283320239651416 0.8329825098039216 0.708431991285403 0.8153617549019608 0.694531688453159 0.8172798725490196 0.6837211111111111 0.8088297875816993 0.6942275533769063 0.7910949820261438 0.6846818932461873 0.7354799624183007 0.6232330152505448 0.7159410882352941 0.6201432875816993 0.7520742614379086 0.6763251154684096 0.7686685604575163 0.7294172178649238 0.8327906911764706 0.7781823311546842 0.8325055637254902 0.7890689411764705 0.8663421846405228 0.8080842265795207 0.8901527532679739 0.8353525991285403 0.8992663986928104 0.8619366644880175 0.9137352205882353 0.87133025708061
2 0.32415791013071893 0.5343221677559913 0.2510154428104575 0.5178367167755991 0.1789927385620915 0.5210231960784314 0.17718867156862744 0.527479128540305 0.21953240032679738 0.533810651416122 0.32415791013071893 0.5343221677559913
2 0.47467320261437906 0.4934640522875817 0.026143790849673203 0.02178649237472767
2 0.505718954248366 0.46078431372549017 0.0196078431372549 0.023965141612200435