2 0 0.6252723311546841 0.026143790849673203 0.6187363834422658 0.24509803921568626 0.6274509803921569 0.35947712418300654 0.616557734204793 0.6209150326797386 0.6100217864923747 0.9983660130718954 0.6100217864923747 0.9983660130718954 0.5860566448801743 0.9934640522875817 0.5838779956427015 0.8202614379084967 0.5816993464052288 0.7728758169934641 0.5838779956427015 0.7565359477124183 0.5925925925925926 0.7303921568627451 0.5860566448801743 0.6486928104575164 0.5947712418300654 0.5441176470588235 0.5860566448801743 0.4526143790849673 0.5947712418300654 0.434640522875817 0.5860566448801743 0.42320261437908496 0.5947712418300654 0.3006535947712418 0.6013071895424836 0.19934640522875818 0.5925925925925926 0.08169934640522876 0.6100217864923747 0 0.599128540305011 0 0.6252723311546841
2 0.3760179738562091 0.4872505446623094 0.33177450980392154 0.5199172113289761 0.32700980392156864 0.5661960784313725 0.34742973856209153 0.5607516339869281 0.3685294117647059 0.5308082788671024 0.38894934640522877 0.5081220043572985 0.4195800653594772 0.4818061002178649 0.4386388888888889 0.44732461873638346 0.4420408496732026 0.4255468409586057 0.444764705882353 0.410119825708061 0.41481535947712417 0.4545838779956427 0.3760179738562091 0.4872505446623094
2 0.7124183006535948 0.4596949891067538 0.738562091503268 0.4531590413943355 0.7467320261437909 0.420479302832244 0.7630718954248366 0.40522875816993464 0.7565359477124183 0.37254901960784315 0.7254901960784313 0.3660130718954248 0.6879084967320261 0.3769063180827887 0.6928104575163399 0.41830065359477125 0.7124183006535948 0.4596949891067538
2 0.8611111111111112 0.4335511982570806 0.8921568627450981 0.46187363834422657 0.9983660130718954 0.46405228758169936 0.9983660130718954 0.3812636165577342 0.9509803921568627 0.35947712418300654 0.8758169934640523 0.3681917211328976 0.8627450980392157 0.3769063180827887 0.8660130718954249 0.4139433551198257 0.8611111111111112 0.4335511982570806
2 0.8251633986928104 0.43790849673202614 0.8594771241830066 0.4335511982570806 0.869281045751634 0.40522875816993464 0.8611111111111112 0.3572984749455338 0.8300653594771242 0.3572984749455338 0.8235294117647058 0.37254901960784315 0.7990196078431373 0.39433551198257083 0.8006535947712419 0.4139433551198257 0.8251633986928104 0.43790849673202614
2 0.8169934640522876 0.5185185185185185 0.8398692810457516 0.5250544662309368 0.8611111111111112 0.5185185185185185 0.8611111111111112 0.47058823529411764 0.8333333333333334 0.46405228758169936 0.8169934640522876 0.4749455337690632 0.8071895424836601 0.4989106753812636 0.8169934640522876 0.5185185185185185
2 0.9983660130718954 0.9978213507625272 0.9983660130718954 0.8954248366013072 0.9738562091503268 0.8823529411764706 0.9640522875816994 0.8888888888888888 0.9183006535947712 0.8845315904139434 0.9068627450980392 0.9019607843137255 0.8741830065359477 0.9019607843137255 0.8562091503267973 0.8910675381263616 0.8480392156862745 0.8976034858387799 0.8218954248366013 0.8867102396514162 0.8137254901960784 0.8910675381263616 0.8088235294117647 0.8779956427015251 0.7924836601307189 0.8758169934640523 0.7026143790849673 0.9259259259259259 0.6928104575163399 0.9259259259259259 0.684640522875817 0.8997821350762527 0.6683006535947712 0.8867102396514162 0.6584967320261438 0.8910675381263616 0.6486928104575164 0.9128540305010894 0.6209150326797386 0.9193899782135077 0.6111111111111112 0.9324618736383442 0.5947712418300654 0.9215686274509803 0.5441176470588235 0.9215686274509803 0.5326797385620915 0.9172113289760349 0.5277777777777778 0.9041394335511983 0.4526143790849673 0.8736383442265795 0.3611111111111111 0.8758169934640523 0.3235294117647059 0.8997821350762527 0.12254901960784313 0.9084967320261438 0.09477124183006536 0.9150326797385621 0.08660130718954248 0.934640522875817 0.06699346405228758 0.9411764705882353 0.05228758169934641 0.9302832244008714 0.0392156862745098 0.9411764705882353 0.016339869281045753 0.9368191721132898 0.0032679738562091504 0.9215686274509803 0 0.9978213507625272 0.9983660130718954 0.9978213507625272
2 0 0.5424836601307189 0.17320261437908496 0.5294117647058824 0.2173202614379085 0.5163398692810458 0.2238562091503268 0.5119825708061002 0.2222222222222222 0.5010893246187363 0.25326797385620914 0.48366013071895425 0.3415032679738562 0.46187363834422657 0.3545751633986928 0.42483660130718953 0.32189542483660133 0.420479302832244 0.2908496732026144 0.42701525054466233 0.2875816993464052 0.4357298474945534 0.2696078431372549 0.42919389978213507 0.2222222222222222 0.44880174291938996 0.06045751633986928 0.45751633986928103 0.016339869281045753 0.4422657952069717 0 0.4466230936819172 0 0.5424836601307189
2 0.6143790849673203 0.485838779956427 0.6127450980392157 0.4749455337690632 0.5947712418300654 0.47058823529411764 0.5915032679738562 0.4880174291938998 0.6143790849673203 0.485838779956427
2 0.5441176470588235 0.5468409586056645 0.5490196078431373 0.5315904139433552 0.5277777777777778 0.477124183006536 0.5294117647058824 0.5163398692810458 0.5441176470588235 0.5468409586056645
2 0.45098039215686275 0.5010893246187363 0.44607843137254904 0.4880174291938998 0.4362745098039216 0.49019607843137253 0.4362745098039216 0.5010893246187363 0.45098039215686275 0.5010893246187363
2 0.3839869281045752 0.579520697167756 0.39052287581699346 0.599128540305011 0.4133986928104575 0.5751633986928104 0.4199346405228758 0.5773420479302832 0.42810457516339867 0.5599128540305011 0.4264705882352941 0.5272331154684096 0.41830065359477125 0.5250544662309368 0.4068627450980392 0.5381263616557734 0.3992369281045752 0.5635446623093682 0.3839869281045752 0.579520697167756
2 0.7745098039215687 0.7167755991285403 0.8398692810457516 0.7625272331154684 0.8398692810457516 0.7734204793028322 0.8741830065359477 0.7908496732026143 0.8986928104575164 0.8169934640522876 0.9084967320261438 0.8431372549019608 0.923202614379085 0.8518518518518519 0.9297385620915033 0.8714596949891068 0.9624183006535948 0.8736383442265795 0.9771241830065359 0.8583877995642701 0.9820261437908496 0.8627450980392157 0.9820261437908496 0.8496732026143791 0.9509803921568627 0.7973856209150327 0.9215686274509803 0.7559912854030502 0.9003267973856209 0.7429193899782135 0.8921568627450981 0.7233115468409586 0.8447712418300654 0.7124183006535948 0.8382352941176471 0.6928104575163399 0.8202614379084967 0.6797385620915033 0.8218954248366013 0.6688453159041394 0.8137254901960784 0.6797385620915033 0.795751633986928 0.6710239651416122 0.738562091503268 0.6122004357298475 0.7189542483660131 0.6100217864923747 0.7565359477124183 0.664488017429194 0.7745098039215687 0.7167755991285403
2 0.22058823529411764 0.5468409586056645 0.32516339869281047 0.5424836601307189 0.25163398692810457 0.5294117647058824 0.17973856209150327 0.5359477124183006 0.1781045751633987 0.5424836601307189 0.22058823529411764 0.5468409586056645
2 0.474281045751634 0.494161220043573 0.025359477124182978 0.02065359477124187
2 0.5044117647058823 0.46013071895424834 0.018202614379084946 0.023376906318082827