2 0 0.5658671045751634 0.020185539215686273 0.5632188366013072 0.237736954248366 0.597344431372549 0.3523928496732026 0.5997843616557734 0.6132631421568627 0.6236543725490197 0.9892778071895426 0.6675170675381263 0.9908443316993465 0.643643119825708 0.9861034362745099 0.6409031154684096 0.8137023202614379 0.6186052875816993 0.7663546045751635 0.615269074074074 0.7495072696078431 0.6220516906318083 0.7238901977124184 0.6125025054466231 0.6419320964052287 0.6116898518518519 0.5383245179738563 0.5908559825708061 0.44659980228758167 0.5889040370370371 0.4292639869281046 0.5781339019607843 0.41729995751633986 0.5854861633986929 0.2947900408496732 0.5777561067538126 0.194438 0.557302 0.07609933333333334 0.5609933812636166 0 0.5418017930283224 0 0.5658671045751634
2 0.421075364379085 0.47252992156862744 0.4423156078431373 0.44039443355119823 0.4471281666666667 0.4190948605664488 0.4508500735294118 0.404043082788671 0.4181082189542484 0.4448575925925926 0.37732315359477125 0.47289139869281044 0.3311127336601307 0.5002923311546841 0.3233410571895425 0.5458413965141612 0.3440391748366013 0.5427906230936819 0.3670158578431373 0.5154131546840959 0.3888410179738562 0.49518616122004355 0.421075364379085 0.47252992156862744
2 0.6952396895424837 0.39921113289760346 0.697417181372549 0.4410175947712418 0.7142445947712418 0.4845329956427015 0.740716133986928 0.4810600261437909 0.7509911503267974 0.44945405446623093 0.7682657205882353 0.4361603594771242 0.7638908153594771 0.40284545098039215 0.7333904362745098 0.3927266209150327 0.6952396895424837 0.39921113289760346
2 1 0.4371146862745098 0.9584498071895424 0.4124192309368192 0.8830027826797385 0.4123661045751634 0.8694109836601307 0.4195284836601307 0.8702455294117648 0.456804348583878 0.8640805196078432 0.4757679324618736 0.8931567859477124 0.5075903507625272 0.9988193676470589 0.5221030261437908 1 0.5041101045751634 1 0.4371146862745098
2 0.8047886977124183 0.42948596514161225 0.8051347647058824 0.4492090762527233 0.8279847777777778 0.47593125054466234 0.862452751633987 0.47557805010893245 0.8740707140522876 0.44850267538126365 0.8690649166666667 0.3998053725490196 0.8381373039215686 0.39619761873638343 0.8306293480392157 0.41063060348583874 0.8047886977124183 0.42948596514161225
2 0.8060917990196078 0.534612596949891 0.8145767124183007 0.5552851176470588 0.8369382450980392 0.5644545403050109 0.858526477124183 0.560411925925926 0.8616595277777779 0.5126640326797386 0.8344146862745098 0.5029249651416122 0.8174249379084968 0.5118779411764706 0.8060917990196078 0.534612596949891
2 0.9674614428104575 1 0.9706219215686275 0.9518340718954248 0.9470598529411766 0.9359636928104574 0.9368660032679739 0.9413354793028322 0.8915732908496733 0.9316780697167757 0.879039616013072 0.9477117690631809 0.8464842336601308 0.9439141328976035 0.8292908300653594 0.9309736383442265 0.820724751633987 0.9365353071895425 0.7953925016339869 0.9226454030501089 0.7869688333333333 0.9260367124183007 0.7829399950980391 0.9124449128540305 0.7668047140522876 0.9083757363834423 0.6740019526143791 0.9478504923747276 0.6642353382352941 0.9467112004357299 0.6578054281045752 0.91971748583878 0.642382205882353 0.9047965141612201 0.6323307679738562 0.9079979411764706 0.6211400392156863 0.928562239651416 0.5930407303921569 0.9318453246187364 0.5824196486928105 0.9437281873638345 0.5668540130718954 0.9309775751633987 0.5163931715686274 0.925091239651416 0.5052836094771241 0.9194213507625273 0.50125477124183 0.905829551198257 0.42837115032679735 0.8667099651416122 0.3370736683006536 0.8582469433551198 0.298068454248366 0.8777536100217865 0.09728320751633987 0.8630795838779957 0.06918389869281047 0.8663626710239651 0.05976335130718954 0.8849464901960785 0.039802887254901956 0.8891789869281046 0.025865022875816993 0.8766182549019608 0.012130812091503268 0.8859509956427015 0 0.8821781307189542 0 0.9413971721132897 0.5023750457516339 1 0.9674614428104575 1
2 0 0.48425399782135076 0.17252362418300654 0.49132348583878 0.21732785784313727 0.48342814161220043 0.2241237565359477 0.4798469498910676 0.22320804411764705 0.4688052745098039 0.25527494934640527 0.45505015904139434 0.34459859477124183 0.4436001873638344 0.36004174019607843 0.40822314161220047 0.327771181372549 0.4000847886710239 0.29641633333333334 0.4029881111111111 0.2925911503267974 0.4112897821350763 0.2751129232026144 0.4026900065359477 0.22662591666666668 0.4167166623093682 0.06490712908496732 0.40659980174291943 0.021954243464052288 0.3862804814814815 0.005391728758169935 0.3887223812636166 0 0.47089269498910674 0 0.48425399782135076
2 0.5963331617647059 0.48171330065359474 0.5919383333333333 0.4986964074074074 0.6148695114379085 0.4991843921568627 0.6139537990196079 0.4881427167755991 0.5963331617647059 0.48171330065359474
2 0.5291673937908496 0.48043922222222224 0.5282317581699346 0.5196955642701525 0.5408879215686275 0.551789522875817 0.5467681094771242 0.5371666557734205 0.5291673937908496 0.48043922222222224
2 0.4371578562091504 0.48282799564270157 0.43644579901960784 0.49367978867102397 0.4510957205882353 0.4953887254901961 0.44706688235294123 0.48179692810457514 0.4371578562091504 0.48282799564270157
2 0.4169738137254902 0.515465037037037 0.40472496241830064 0.5271580174291939 0.3954666503267974 0.5515934161220043 0.3792303790849673 0.5657364901960784 0.3844597532679738 0.5860292461873637 0.40881504575163397 0.5648136448801743 0.4151837107843137 0.5677435294117648 0.4244618464052287 0.5513300697167757 0.4249702483660131 0.5185848039215687 0.4169738137254902 0.515465037037037
2 0.8985927679738561 0.8996923333333333 0.9038221421568627 0.9199850893246186 0.936235114379085 0.9259530849673203 0.9518819150326797 0.9124695098039216 0.9564804003267974 0.917379871459695 0.9573348676470589 0.9043577189542483 0.9298251274509804 0.8486613529411764 0.9032310980392156 0.8040066644880175 0.882924568627451 0.7885160479302833 0.8760674248366014 0.7680334095860566 0.8295741764705882 0.7516750435729848 0.8243448022875817 0.7313822875816994 0.8072938104575164 0.7162714335511983 0.8096336356209151 0.7056095206971678 0.8007827336601306 0.7155119063180828 0.7834469199346406 0.70474177124183 0.7303201062091503 0.639496220043573 0.7109292892156863 0.6350472810457516 0.7448076944444445 0.6936735315904139 0.7592952826797386 0.7478508431372549 0.821415408496732 0.801023651416122 0.8207033513071895 0.8118754444444444 0.8537472124183006 0.8332258322440087 0.8764548137254903 0.8621183660130719 0.8845124918300653 0.8893019629629629 0.8985927679738561 0.8996923333333333
2 0.3230516830065359 0.5220046448801743 0.2506565408496732 0.5004378126361656 0.1786074656862745 0.49859408932461874 0.17655246241830064 0.5049152832244008 0.21858963725490196 0.5141929281045752 0.3230516830065359 0.5220046448801743
2 0.47467320261437906 0.4912854030501089 0.026143790849673203 0.023965141612200435
2 0.5073529411764706 0.46078431372549017 0.0196078431372549 0.026143790849673203