1 0.390537109375 0.4396744791666667 0.143056640625 0.3257291666666666
1 0.36990234375 0.26901041666666664 0.46203124999999995 0.13485677083333333
1 0.673349609375 0.2960026041666666 0.1661328124999999 0.20619791666666665
1 0.757255859375 0.4194661458333333 0.034960937499999956 0.14292968749999999
1 0.24135742187500003 0.09446614583333333 0.263525390625 0.06934895833333332
1 0.05439453125 0.1123046875 0.050195312500000006 0.09345052083333331
1 0.58166015625 0.09783854166666667 0.29743164062499994 0.11660156249999998
1 0.7449609375 0.07903645833333334 0.06388671875000007 0.14842447916666665
1 0.531767578125 0.028424479166666666 0.12385742187499998 0.029830729166666663
1 0.257265625 0.017330729166666666 0.2215625 0.013437499999999998
1 0.153662109375 0.8196354166666667 0.10767578124999999 0.13657552083333346
1 0.5075 0.8509635416666667 0.6005078124999998 0.20502604166666671
1 0.845859375 0.8890625 0.08146484375000007 0.16546874999999991
1 0.08369140625 0.6884895833333333 0.06538085937500002 0.0710416666666666
1 0.13974609375 0.6359374999999999 0.060302734375 0.09324218749999995
1 0.09435546875 0.5874869791666667 0.06284179687500001 0.03973958333333331