1 0.3876953125 0.4498697916666667 0.16015625 0.3385416666666667
1 0.35791015625 0.2819010416666667 0.4677734375 0.17708333333333334
1 0.662109375 0.2805989583333333 0.1767578125 0.22135416666666666
1 0.75244140625 0.3958333333333333 0.0419921875 0.14583333333333334
1 0.220703125 0.11979166666666667 0.2666015625 0.09375
1 0.03515625 0.15494791666666666 0.0546875 0.09765625
1 0.560546875 0.09114583333333333 0.302734375 0.14453125
1 0.72216796875 0.06705729166666667 0.0712890625 0.13411458333333334
1 0.5068359375 0.026692708333333332 0.125 0.041666666666666664
1 0.232421875 0.041015625 0.2216796875 0.033854166666666664
1 0.17138671875 0.8509114583333334 0.1142578125 0.14583333333333334
1 0.52587890625 0.849609375 0.609375 0.2604166666666667
1 0.865234375 0.8561197916666666 0.08984375 0.17317708333333334
1 0.0947265625 0.7265625 0.0693359375 0.07682291666666667
1 0.14794921875 0.6692708333333334 0.0654296875 0.09895833333333333
1 0.10009765625 0.625 0.064453125 0.045572916666666664