1 0.609375 0.439453125 0.142578125 0.3255208333333333
1 0.6298828125 0.2688802083333333 0.4619140625 0.13541666666666666
1 0.32666015625 0.2962239583333333 0.166015625 0.20572916666666666
1 0.24267578125 0.4192708333333333 0.03515625 0.14322916666666666
1 0.7587890625 0.09440104166666667 0.263671875 0.06901041666666667
1 0.94580078125 0.11197916666666667 0.0498046875 0.09375
1 0.41845703125 0.09765625 0.2978515625 0.1171875
1 0.2548828125 0.07877604166666667 0.0634765625 0.1484375
1 0.46826171875 0.028645833333333332 0.1240234375 0.029947916666666668
1 0.74267578125 0.017578125 0.2216796875 0.013020833333333334
1 0.84619140625 0.8196614583333334 0.107421875 0.13671875
1 0.49267578125 0.8509114583333334 0.6005859375 0.20442708333333334
1 0.154296875 0.8893229166666666 0.0810546875 0.16536458333333334
1 0.91650390625 0.6888020833333334 0.0654296875 0.07161458333333333
1 0.8603515625 0.6360677083333334 0.060546875 0.09375
1 0.90576171875 0.5872395833333334 0.0625 0.040364583333333336