2 0.49493385125000006 0.70527537 0.4743554875 0.6359107275 0.46112574500000003 0.52747034 0.41449920125 0.638155845 0.40676668 0.59995136 0.3895509775 0.47468419500000003 0.36606288249999996 0.4756792 0.34090999375000003 0.628555695 0.31949149875 0.6749539950000001 0.28978232 0.69115611 0.26800939375 0.7724249249999999 0.26217847375000003 0.8570616175000001 0.28738906375 0.9284869525 0.27623394125 0.929380635 0.29740826 0.959318195 0.34004176 0.9753750875 0.38572878250000003 0.9311301875 0.47192172 0.8407264075 0.51233468 0.73739702 0.49493385125000006 0.70527537
2 0.25013384125000004 1 0.27248490000000003 0.979784695 0.2397430425 0.968798855 0.21832421875000002 1 0.25013384125000004 1
2 0.09067300375000001 0.8189056825000001 0.07765916125 0.8651834074999999 0.08350975125 0.90055162 0.08776062 0.96104462 0.10123454000000001 0.993149145 0.1229941225 0.9915190850000001 0.12066569749999999 0.9663775175000001 0.10597358875 0.9009679475 0.09233381375000001 0.8166172425 0.09067300375000001 0.8189056825000001
2 0.153125 0.4725 0.125 0.2625
2 0.445625 0.3575 0.08625 0.1525
2 0.726875 0.3575 0.095 0.1875
2 0.82125 0.2525 0.09875 0.135
2 0.89625 0.1975 0.055 0.075
2 0.921875 0.14875 0.03625 0.055
2 0.558125 0.28 0.05125 0.1075
2 0.31875 0.35375 0.045 0.1025
2 0.28625 0.325 0.01875 0.0475
2 0.24625 0.3825 0.0375 0.0375
2 0.343125 0.30125 0.04 0.0525
2 0.425 0.25 0.0225 0.0575
2 0.474375 0.2675 0.035 0.065
2 0.1625 0.31875 0.04 0.0375
2 0.0525 0.3775 0.05375 0.0675
2 0.0275 0.4825 0.04 0.0375
2 0.068125 0.52 0.03 0.04
2 0.294375 0.62 0.11875 0.125
2 0.878125 0.3475 0.0275 0.085
2 0.966875 0.32375 0.02125 0.0525
2 0.971875 0.27125 0.01375 0.04
2 1 0.6062659 0.9649710399999999 0.61418835 0.91512977375 0.605476695 0.89058718 0.5795557725 0.8829661324999999 0.5968453225 0.8658304775000001 0.5865144275 0.8536260937500001 0.592469425 0.85219422125 0.6080193125000001 0.86014313125 0.6133587275 1 0.63402293 1 0.6062659
2 0.50524736375 0.68442927 0.54943027125 0.6507003775 0.6274320875 0.5794252225000001 0.66725122125 0.51551727 0.7111402187500001 0.4748754125 0.71651550125 0.434375075 0.68072744625 0.475837555 0.6441507425 0.5220103925 0.613400005 0.5553289975 0.5890949225 0.58459403 0.5269837350000001 0.6345788925 0.50524736375 0.68442927
2 0.62016057875 0.2763926275 0.67521161875 0.2855939275 0.68308521125 0.2699223275 0.685879735 0.22987979 0.6853474375 0.214329115 0.6446190799999999 0.24932881250000002 0.62016057875 0.2763926275
2 0.624375 0.2075 0.02375 0.0375
2 0.6025 0.18875 0.0225 0.03
2 0.746875 0.18625 0.03625 0.0325
2 0.796875 0.165 0.02875 0.04
2 0.85625 0.13125 0.07375 0.06
2 0.94125 0.11 0.02625 0.0675
2 0.730625 0.15875 0.05875 0.0325
2 0.073125 0.61 0.1325 0.0525
2 0.01373825125 0.76543228 0.06346576125 0.7186353925 0.09764338625 0.6661110175 0.0806616275 0.6759334149999999 0.051977312500000004 0.7168154475 0.0126944525 0.7505782575000001 0.01373825125 0.76543228
2 0.0962650575 0.7902023174999999 0.019305175 0.844653725 0.01982707375 0.8520807349999999 0.037156765 0.8472096775 0.0406360925 0.89672308 0.02382830125 0.90902115 0.025393997499999998 0.93130218 0.08324438499999999 0.8923203775 0.0962449875 0.80787994 0.16527603 0.730411495 0.18121399 0.7057350750000001 0.1759147175 0.7021754649999999 0.0962650575 0.7902023174999999
2 0.37364713625 0.462302975 0.42513438125 0.422585165 0.23466167375000002 0.4963201025 0.2332298025 0.51186999 0.26558748125000003 0.5052994075 0.37364713625 0.462302975
2 0.164375 0.375 0.05125 0.055