2 0.6323675974999999 0.45242497 0.60892552125 0.45552799499999996 0.59723420625 0.5833193775000001 0.5911959800000001 0.62272635 0.53992342625 0.5205895775 0.5314696275 0.6309234125 0.51399233375 0.7036111475 0.49805751375 0.73864373 0.5428195662499999 0.834535475 0.63262411625 0.9095708225 0.680065385 0.9456835825000001 0.7218369262500001 0.9222562825 0.741626055 0.8887417175 0.73047443625 0.8897959025 0.75247652875 0.8142478675 0.74297951 0.7309496375000001 0.71774791375 0.6537853475 0.6874457350000001 0.6428235375 0.6640868037500001 0.600335285 0.6323675974999999 0.45242497
2 0.8858397225 1 0.8820512325 0.9846517325 0.8039578475 0.9508837699999999 0.7796958574999999 0.9216491550000001 0.74755733125 0.938300475 0.835485315 1 0.8858397225 1
2 0.8969906125 0.92393225 0.9187384274999999 0.921763165 0.93076202875 0.8874321475000001 0.9323605650000001 0.826428365 0.93664762 0.790174915 0.92166661375 0.7463417525 0.9199123987500001 0.74435152 0.91000035125 0.8307588149999999 0.89821456125 0.8984804825 0.8969906125 0.92393225
2 0.844375 0.4125 0.11625 0.2475
2 0.548125 0.34875 0.08125 0.14
2 0.2675 0.3975 0.08875 0.175
2 0.169375 0.30875 0.095 0.12
2 0.0925 0.2675 0.0525 0.065
2 0.064375 0.22375 0.03375 0.05
2 0.4325 0.29125 0.0475 0.1
2 0.67375 0.3225 0.04125 0.095
2 0.705625 0.28875 0.01625 0.045
2 0.7475 0.33875 0.03625 0.0325
2 0.6475 0.275 0.03875 0.045
2 0.564375 0.2375 0.02 0.055
2 0.515 0.26375 0.03375 0.06
2 0.828125 0.26 0.04 0.0325
2 0.940625 0.3 0.05125 0.06
2 0.97 0.4 0.03875 0.0325
2 0.93125 0.445 0.03 0.035
2 0.710625 0.58375 0.11625 0.105
2 0.11625 0.415 0.02375 0.08
2 0.0275 0.40625 0.01875 0.05
2 0.02 0.35375 0.01125 0.0375
2 0 0.7231838575 0.146167255 0.6757044474999999 0.15385323625 0.6689997649999999 0.15174918125 0.6537586425 0.1393317325 0.64995367 0.1227114825 0.6632321925 0.11436599375 0.6473368700000001 0.09104637 0.6774372124999999 0.04177440125 0.6948036224999999 0 0.69268609 0 0.7231838575
2 0.41493053875 0.5998023925 0.38944263625 0.5748853775 0.35735696125 0.547053765 0.31890732875 0.50743237 0.28144861 0.4723659375 0.2885683575 0.5117751825 0.33406143 0.5446120325 0.3765140125 0.6013358625 0.45732502750000004 0.65874318 0.50280963875 0.684642135 0.47898360875 0.638770355 0.41493053875 0.5998023925
2 0.3450075225 0.27549146 0.30290893625 0.24772436750000001 0.30305633 0.26330865249999996 0.30758518875 0.3027116975 0.316111755 0.3169512025 0.370552335 0.29818889 0.3450075225 0.27549146
2 0.36375 0.23 0.0225 0.0325
2 0.384375 0.2075 0.0225 0.025
2 0.24 0.23125 0.035 0.025
2 0.189375 0.2175 0.0275 0.0375
2 0.12875 0.195 0.0725 0.0475
2 0.043125 0.1875 0.02375 0.0625
2 0.255 0.2 0.05875 0.0225
2 0.93 0.535 0.1325 0.03
2 0.9963708699999999 0.66468178 0.95576618125 0.6378948975000001 0.9254094675000001 0.60216844 0.90806429 0.595343535 0.9444007587500001 0.6417104874999999 0.99597835 0.6796612224999999 0.9963708699999999 0.66468178
2 0.93226622125 0.81818219 0.9915952137499999 0.84693167 0.99218399375 0.8244625050000001 0.97490423625 0.8151410250000001 0.976212635 0.7652095475 0.9936886524999999 0.767041305 0.9938849125 0.759551585 0.91484500875 0.7187223724999999 0.8316624162499999 0.64491434 0.8265384287499999 0.6493841275 0.84349108625 0.6711884775 0.91563535625 0.7363292275000001 0.93226622125 0.81818219
2 0.76416827125 0.4500825875 0.57120715875 0.409829815 0.62422929625 0.4404216675 0.733751445 0.4644184475 0.7662723250000001 0.46532371 0.76416827125 0.4500825875
2 0.82875 0.31625 0.05 0.045