2 0.2485325 0.8629174999999999 0.2674175 0.8984574999999999 0.30851875 0.9262250000000001 0.35684 0.8951275 0.448485 0.8295950000000001 0.495695 0.7385200000000001 0.48069875 0.7018675000000001 0.4651475 0.62745 0.45959249999999996 0.5163825 0.4057175 0.6130125000000001 0.40071875 0.5730275 0.39238750000000006 0.4441875 0.36905875 0.438635 0.3335125 0.5830225 0.30907375 0.6230075 0.27852625 0.6307825 0.25131 0.7051999999999999 0.23964625 0.78739 0.25964125 0.8651375 0.2485325 0.8629174999999999
2 0.20965375000000003 0.891795 0.18466000000000002 0.91845 0.10579000000000001 0.9439974999999999 0.09079375 0.9975 0.112455 0.9873125 0.2413125 0.9117875 0.20965375000000003 0.891795
2 0.05969 0.8418125000000001 0.07079875000000001 0.877355 0.09246 0.8817975 0.09190374999999999 0.8562525 0.08190625000000001 0.78739 0.07426889125 0.70006361 0.072465 0.7018675000000001 0.0563575 0.7440725 0.05969 0.780725 0.05969 0.8418125000000001
2 0.1581625 0.37652500000000005 0.10964999999999998 0.23527500000000004
2 0.4559 0.344325 0.07847499999999996 0.13087500000000002
2 0.7349 0.42152500000000004 0.0847999999999999 0.16527500000000003
2 0.8354375 0.343775 0.09254999999999995 0.10974999999999997
2 0.9132125000000001 0.31072500000000003 0.05142500000000012 0.060350000000000036
2 0.942375 0.270175 0.033087500000000034 0.04590000000000003
2 0.5725625 0.2985 0.04511250000000004 0.09590000000000004
2 0.330925 0.3049 0.03851249999999997 0.09199999999999996
2 0.3002375 0.267125 0.015462500000000006 0.043125
2 0.257175 0.31322500000000003 0.036024999999999995 0.028674999999999996
2 0.35869999999999996 0.25989999999999996 0.03738749999999996 0.04202500000000001
2 0.44284999999999997 0.23157499999999998 0.019037500000000023 0.05202500000000001
2 0.49090000000000006 0.26239999999999997 0.03180000000000007 0.057025000000000006
2 0.178575 0.226025 0.038825000000000005 0.02759999999999998
2 0.06512499999999999 0.254625 0.05023749999999999 0.05480000000000004
2 0.033312499999999995 0.351275 0.0383 0.028100000000000024
2 0.07095 0.40015 0.028575 0.03252499999999998
2 0.287725 0.5620499999999999 0.11378749999999997 0.09302499999999995
2 0.8851625 0.45485 0.021987499999999896 0.07862499999999997
2 0.9745999999999999 0.45597499999999996 0.017524999999999978 0.0475
2 0.982925 0.404325 0.01085000000000008 0.037524999999999975
2 0.84875 0.7125 0.99875 0.7775 0.99875 0.745 0.9525 0.7425 0.90375 0.72 0.88125 0.6875 0.8725 0.7025 0.85625 0.6875 0.84375 0.69 0.84125 0.705 0.84875 0.7125
2 0.7189749999999999 0.49528 0.68065 0.5263774999999999 0.6412162499999999 0.56192 0.60844625 0.586355 0.58234125 0.6085699999999999 0.51735625 0.64078 0.4923625 0.6840949999999999 0.5384625 0.6629925 0.620665 0.6141225 0.66454375 0.56192 0.71083375 0.53389 0.7189749999999999 0.49528
2 0.63455125 0.312015 0.68842625 0.33645 0.69731375 0.3231225 0.7028675 0.2842475 0.7034225000000001 0.2687 0.660655 0.2920225 0.63455125 0.312015
2 0.64325 0.24434999999999998 0.02148750000000007 0.03092500000000001
2 0.6232500000000001 0.220475 0.021500000000000057 0.023149999999999976
2 0.7665625 0.258525 0.03478749999999991 0.02259999999999998
2 0.8173874999999999 0.25075 0.026450000000000102 0.03369999999999997
2 0.8784875 0.23434999999999997 0.0719874999999999 0.03979999999999997
2 0.964175 0.23602499999999998 0.02163749999999993 0.060925000000000014
2 0.7522625 0.22575 0.057849999999999964 0.017049999999999982
2 0.0695625 0.49042499999999994 0.13244999999999998 0.016400000000000005
2 0 0.6275 0.0525 0.595 0.09 0.5525 0.0725 0.5575 0.04125 0.59 0 0.6125 0 0.6275
2 0 0.795 0.06 0.7725 0.07875 0.6925 0.1525 0.635 0.17 0.615 0.165 0.61 0.08 0.675 0 0.7075 0 0.715 0.0175 0.715 0.0175 0.765 0 0.7725 0 0.795
2 0.2675 0.44 0.3775 0.4275 0.43125 0.4025 0.2375 0.4225 0.235 0.4375 0.2675 0.44
2 0.1762125 0.282675 0.04910000000000002 0.040900000000000034