2 0.46510416666666665 0.8555555555555555 0.22604166666666667 0.25555555555555554
2 0.35078125 0.6277777777777778 0.26510416666666664 0.3592592592592593
2 0.75234375 0.8976851851851851 0.19947916666666668 0.20462962962962963
2 0.721875 0.32083333333333336 0.057291666666666664 0.049074074074074076
2 0.9364583333333333 0.4023148148148148 0.06927083333333334 0.04722222222222222
2 0.9505208333333334 0.6518518518518519 0.08177083333333333 0.15462962962962962
2 0.8734375 0.5305555555555556 0.08489583333333334 0.10925925925925926
2 0.9223958333333333 0.4828703703703704 0.09635416666666667 0.08796296296296297
2 0.10520833333333333 0.17083333333333334 0.08697916666666666 0.06574074074074074
2 0.1 0.4337962962962963 0.14791666666666667 0.2111111111111111
2 0.25546875 0.8611111111111112 0.20885416666666667 0.21851851851851853
2 0.3528645833333333 0.3680555555555556 0.2671875 0.24074074074074073
2 0.5260416666666666 0.49907407407407406 0.08541666666666667 0.23981481481481481
2 1 0.3200963 0.9838354536458334 0.3173536203703704 0.9721994723958333 0.3110821574074074 0.9622053046875 0.32662530370370374 0.9583962260416666 0.3285924824074074 0.9574984333333333 0.3339937861111111 0.9582149671875 0.3388145907407407 0.9649444942708333 0.3477465722222222 1 0.35919184259259257 1 0.3200963