2 0.5103281249999999 0.8603796296296297 0.21336979166666664 0.21047222222222217
2 0.6393645833333333 0.6592777777777777 0.24573958333333337 0.30826851851851855
2 0.21958854166666666 0.8783425925925926 0.18408333333333335 0.2433148148148148
2 0.29219270833333333 0.27408333333333335 0.05487499999999998 0.037888888888888854
2 0.07361458333333333 0.3085462962962963 0.06736979166666665 0.0327314814814815
2 0.042515624999999994 0.5533425925925926 0.07287499999999998 0.13961111111111107
2 0.12728124999999998 0.4494629629629629 0.07921875000000002 0.09233333333333331
2 0.081859375 0.3913425925925926 0.09253645833333334 0.06870370370370374
2 0.9145156249999999 0.2589166666666667 0.08423437500000001 0.047666666666666684
2 0.9016354166666667 0.5211944444444444 0.13660416666666678 0.18334259259259258
2 0.7180625 0.9115185185185186 0.1982760416666667 0.17695370370370384
2 0.654984375 0.4011111111111111 0.25615104166666663 0.18699074074074068
2 0.47431770833333337 0.49341666666666667 0.07016666666666668 0.22655555555555562
2 0 0.2490740740740741 0.005208333333333333 0.25277777777777777 0.04895833333333333 0.24814814814814815 0.05625 0.24074074074074073 0.057291666666666664 0.2361111111111111 0.05677083333333333 0.23055555555555557 0.053125 0.22777777777777777 0.044270833333333336 0.2101851851851852 0.03229166666666667 0.21388888888888888 0.013020833333333334 0.21296296296296297 0.0036458333333333334 0.21851851851851853 0 0.22314814814814815 0 0.2490740740740741