2 0.525 0.8578703703703704 0.23072916666666668 0.27314814814814814
2 0.37838541666666664 0.7 0.271875 0.37962962962962965
2 0.8130208333333333 0.7861111111111111 0.20520833333333333 0.2962962962962963
2 0.6825520833333333 0.21342592592592594 0.0578125 0.05462962962962963
2 0.9013020833333333 0.17962962962962964 0.06979166666666667 0.05277777777777778
2 0.9557291666666666 0.4111111111111111 0.08541666666666667 0.16018518518518518
2 0.8622395833333333 0.3351851851851852 0.08697916666666666 0.11574074074074074
2 0.9013020833333333 0.2638888888888889 0.09791666666666667 0.0962962962962963
2 0.06822916666666666 0.3907407407407407 0.0875 0.07314814814814814
2 0.10651041666666666 0.6449074074074074 0.15260416666666668 0.22314814814814815
2 0.3255208333333333 0.9273148148148148 0.2125 0.14537037037037037
2 0.3377604166666667 0.45046296296296295 0.2703125 0.26296296296296295
2 0.5247395833333334 0.48564814814814816 0.09114583333333333 0.24444444444444444
2 0.9101769677083333 0.09782068981481482 0.9102066973958334 0.1034526287037037 0.9116847479166666 0.10769035370370371 0.919589171875 0.11273423055555555 0.9631267197916666 0.10378755648148148 0.9678941598958333 0.09853226666666667 0.9653617906249999 0.07300021388888889 0.9613191369791667 0.06956641666666667 0.9515439135416667 0.06698939814814815 0.9326562890625 0.07385031574074075 0.9204973458333333 0.0739009425925926 0.9134960875 0.09395961481481481 0.9101769677083333 0.09782068981481482