1 0.685546875 0.27379209370424595 0.677734375 0.2796486090775988 0.677734375 0.28989751098096633 0.6845703125 0.2972181551976574 0.677734375 0.3440702781844802 0.689453125 0.3484626647144949 0.697265625 0.30161054172767204 0.7021484375 0.29428989751098095 0.732421875 0.2957540263543192 0.744140625 0.30161054172767204 0.7509765625 0.3411420204978038 0.751953125 0.3821376281112738 0.755859375 0.39092240117130306 0.763671875 0.39092240117130306 0.7666015625 0.37481698389458273 0.76171875 0.3279648609077599 0.767578125 0.3191800878477306 0.779296875 0.32210834553440704 0.80859375 0.2752562225475842 0.8037109375 0.2664714494875549 0.7861328125 0.2591508052708638 0.7568359375 0.232796486090776 0.7470703125 0.23718887262079064 0.7412109375 0.232796486090776 0.724609375 0.18740849194729137 0.7158203125 0.17569546120058566 0.708984375 0.1815519765739385 0.6953125 0.25036603221083453 0.685546875 0.27379209370424595
1 0.59375 0.2552459736456808 0.5947265625 0.33382137628111275 0.603515625 0.3367496339677892 0.607421875 0.3323572474377745 0.60546875 0.29428989751098095 0.625 0.2884333821376281 0.6474609375 0.32210834553440704 0.6591796875 0.3484626647144949 0.6689453125 0.3484626647144949 0.6689453125 0.3308931185944363 0.640625 0.2840409956076135 0.6376953125 0.26207906295754024 0.654296875 0.2518301610541728 0.654296875 0.21961932650073207 0.6455078125 0.20351390922401172 0.6220703125 0.1815519765739385 0.5908203125 0.17276720351390923 0.587890625 0.18740849194729137 0.59375 0.2552459736456808
1 0.3642578125 0.26939970717423134 0.3798828125 0.28989751098096633 0.3994140625 0.29282576866764276 0.4111328125 0.2884333821376281 0.4228515625 0.25036603221083453 0.419921875 0.20790629575402636 0.4091796875 0.17276720351390923 0.376953125 0.16251830161054173 0.376953125 0.15080527086383602 0.37109375 0.14641288433382138 0.3623046875 0.1903367496339678 0.3603515625 0.25329428989751096 0.3642578125 0.26939970717423134
1 0.830078125 0.3323572474377745 0.8251953125 0.37774524158125916 0.8310546875 0.37774524158125916 0.8349609375 0.3484626647144949 0.8515625 0.35431918008784774 0.8525390625 0.3733528550512445 0.8623046875 0.30600292825768666 0.873046875 0.2884333821376281 0.873046875 0.2752562225475842 0.865234375 0.2679355783308931 0.8173828125 0.2679355783308931 0.8125 0.27379209370424595 0.8125 0.32503660322108346 0.830078125 0.3323572474377745
1 0.4853515625 0.20790629575402636 0.498046875 0.19619326500732065 0.5224609375 0.19619326500732065 0.5263671875 0.2005856515373353 0.5263671875 0.30307467057101023 0.53515625 0.3074670571010249 0.5390625 0.2972181551976574 0.5380859375 0.212298682284041 0.55859375 0.20497803806734993 0.5732421875 0.20790629575402636 0.578125 0.19326500732064422 0.515625 0.17715959004392387 0.486328125 0.17862371888726208 0.48046875 0.18448023426061494 0.4794921875 0.19326500732064422 0.4853515625 0.20790629575402636
1 0.3046875 0.24743777452415813 0.306640625 0.2781844802342606 0.3134765625 0.2840409956076135 0.3115234375 0.26500732064421667 0.3203125 0.2518301610541728 0.3583984375 0.28989751098096633 0.357421875 0.2752562225475842 0.32421875 0.2430453879941435 0.314453125 0.22986822840409957 0.3095703125 0.21376281112737922 0.3388671875 0.15373352855051245 0.33984375 0.13469985358711567 0.333984375 0.13469985358711567 0.3232421875 0.17130307467057102 0.302734375 0.17276720351390923 0.3017578125 0.13469985358711567 0.294921875 0.12298682284040996 0.296875 0.2240117130307467 0.3046875 0.24743777452415813
1 0.2412109375 0.2679355783308931 0.244140625 0.2562225475841874 0.2421875 0.2247437774524158 0.2548828125 0.22108345534407028 0.263671875 0.22547584187408493 0.265625 0.18594436310395315 0.2685546875 0.17862371888726208 0.2783203125 0.17715959004392387 0.2783203125 0.14348462664714495 0.275390625 0.1259150805270864 0.2705078125 0.12298682284040996 0.265625 0.16544655929721816 0.2626953125 0.17276720351390923 0.25 0.17715959004392387 0.2392578125 0.13469985358711567 0.232421875 0.13177159590043924 0.236328125 0.2635431918008785 0.2412109375 0.2679355783308931
1 0.4404296875 0.2869692532942899 0.482421875 0.29428989751098095 0.5009765625 0.3074670571010249 0.505859375 0.30600292825768666 0.5078125 0.29428989751098095 0.5009765625 0.28550512445095166 0.4501953125 0.27232796486090777 0.4375 0.26207906295754024 0.44921875 0.1800878477306003 0.4462890625 0.17130307467057102 0.4384765625 0.17130307467057102 0.4345703125 0.19326500732064422 0.427734375 0.2767203513909224 0.4404296875 0.2869692532942899
1 0.8759765625 0.34260614934114203 0.880859375 0.3440702781844802 0.884765625 0.3191800878477306 0.8974609375 0.28257686676427524 0.89453125 0.27379209370424595 0.8857421875 0.2708638360175695 0.8779296875 0.28989751098096633 0.8818359375 0.3103953147877013 0.8759765625 0.34260614934114203
1 0.1923828125 0.6120058565153733 0.2177734375 0.6149341142020498 0.24609375 0.6266471449487555 0.2900390625 0.657393850658858 0.2939453125 0.6544655929721815 0.2939453125 0.6412884333821376 0.283203125 0.6281112737920937 0.2890625 0.6120058565153733 0.3447265625 0.6471449487554904 0.3525390625 0.6471449487554904 0.353515625 0.6295754026354319 0.3349609375 0.5944363103953147 0.34375 0.5812591508052709 0.392578125 0.5929721815519766 0.455078125 0.6456808199121523 0.466796875 0.6427525622254758 0.4697265625 0.6339677891654466 0.46484375 0.6193265007320644 0.4501953125 0.623718887262079 0.388671875 0.5783308931185944 0.34765625 0.568081991215227 0.3212890625 0.5724743777452416 0.3203125 0.5856515373352855 0.32421875 0.5973645680819912 0.318359375 0.6149341142020498 0.26953125 0.5929721815519766 0.267578125 0.5783308931185944 0.2724609375 0.5724743777452416 0.271484375 0.5622254758418741 0.1923828125 0.5797950219619327 0.1826171875 0.5871156661786238 0.1806640625 0.6017569546120058 0.1923828125 0.6120058565153733
1 0.208984375 0.48316251830161056 0.2236328125 0.5153733528550513 0.234375 0.5285505124450952 0.2529296875 0.527086383601757 0.384765625 0.5475841874084919 0.388671875 0.49194729136163984 0.41015625 0.49487554904831627 0.408203125 0.5505124450951684 0.412109375 0.5607613469985359 0.4208984375 0.5607613469985359 0.4365234375 0.5768667642752562 0.4453125 0.5783308931185944 0.4541015625 0.5739385065885798 0.4677734375 0.5534407027818448 0.4892578125 0.6002928257686676 0.50390625 0.6120058565153733 0.5166015625 0.6090775988286969 0.525390625 0.6002928257686676 0.5361328125 0.6178623718887262 0.5390625 0.6339677891654466 0.5498046875 0.636896046852123 0.55078125 0.6090775988286969 0.544921875 0.5724743777452416 0.5517578125 0.5329428989751098 0.5498046875 0.4494875549048316 0.53125 0.39970717423133234 0.5087890625 0.3733528550512445 0.4970703125 0.36749633967789164 0.4765625 0.3689604685212299 0.458984375 0.3821376281112738 0.4501953125 0.3806734992679356 0.427734375 0.39092240117130306 0.423828125 0.4011713030746706 0.4150390625 0.4011713030746706 0.4013671875 0.3762811127379209 0.388671875 0.3806734992679356 0.3173828125 0.35871156661786235 0.3056640625 0.363103953147877 0.2939453125 0.35431918008784774 0.283203125 0.3601756954612006 0.271484375 0.3528550512445095 0.2626953125 0.3528550512445095 0.2451171875 0.3689604685212299 0.2314453125 0.34699853587115664 0.2158203125 0.3440702781844802 0.20703125 0.3528550512445095 0.201171875 0.37774524158125916 0.201171875 0.4260614934114202 0.208984375 0.48316251830161056
4 0.0947265625 0.6471449487554904 0.1123046875 0.6295754026354319 0.087890625 0.6178623718887262 0.072265625 0.6310395314787701 0.072265625 0.6398243045387995 0.0947265625 0.6471449487554904
1 0.119140625 0.12005856515373353 0.12109375 0.10395314787701318 0.115234375 0.04978038067349927 0.1123046875 0.0424597364568082 0.107421875 0.0424597364568082 0.1123046875 0.11127379209370425 0.119140625 0.12005856515373353