4 0.46126306499999997 0.684716912390488 0.44896552000000006 0.7041153291614519 0.4465039575 0.7287770125156445 0.4364149091666667 0.7451157534418023 0.43741690416666673 0.7626177196495619 0.4446533041666667 0.7672321952440551 0.4701021 0.824536857321652 0.46910776249999997 0.8311092102628285 0.48574815666666665 0.8448912090112641 0.486921415 0.8560166095118898 0.4907351575 0.8601780801001252 0.49567359916666665 0.8590033529411764 0.4965375741666667 0.8511948435544431 0.5081909666666666 0.849689969962453 0.5154273666666667 0.8543044455569462 0.5221832183333334 0.846361576971214 0.5235200825 0.8270360913642052 0.5424022158333334 0.8060713729662077 0.55474832 0.8031345556946183 0.5661895483333333 0.8156189699624531 0.576237695 0.8068929499374217 0.5930902533333333 0.8066856608260325 0.5992837566666667 0.8014108911138924 0.6062517733333334 0.7794787359198998 0.6210670983333334 0.7759545544430538 0.6289144066666666 0.7943625294117647 0.6293540525 0.8145325957446808 0.6332572558333334 0.8275429436795995 0.6611752725000001 0.8842602415519399 0.667506795 0.9042959486858573 0.6748735566666666 0.910146579474343 0.74938217 0.8886214217772215 0.768394665 0.8688928585732165 0.7823460158333333 0.8731771864831039 0.8011463466666667 0.8674379111389237 0.8433352658333334 0.8434634455569462 0.8497000316666666 0.8318121101376721 0.8267766741666667 0.8144560050062578 0.8042367450000001 0.7767340450563204 0.7923226283333333 0.7757666082603255 0.76441227 0.7431236307884855 0.7456119383333334 0.7488629061326658 0.7155007416666667 0.7433539236545682 0.7051433108333334 0.7331460325406759 0.7058769241666667 0.72410136795995 0.6950312883333334 0.6772618135168962 0.701396055 0.665610478097622 0.7126583608333333 0.6603971376720902 0.7097085933333334 0.6484271564455569 0.7282891016666666 0.6326028485607009 0.7314433758333333 0.6065092215269087 0.7194091658333334 0.5003956257822277 0.7193529483333333 0.4598597071339174 0.7231999341666667 0.43233413642052565 0.7269242158333333 0.427646730913642 0.7244473366666667 0.4041597734668335 0.7318959008333333 0.3947849624530663 0.7303315558333333 0.3799510951188986 0.7100563408333332 0.37970537922403 0.7103656241666667 0.39863928911138924 0.706209355 0.40723094993742176 0.6981089808333333 0.4104249837296621 0.6939527116666666 0.41901664455569465 0.6715993616666667 0.42306675969962454 0.6548362641666667 0.4321229261576971 0.6509407191666667 0.4431868986232791 0.6466904525 0.4465264042553192 0.6469897341666667 0.44666866833541924 0.6521858558333333 0.4426170050062578 0.6613741866666667 0.45730234793491864 0.6590896966666667 0.4606791827284105 0.6443501724999999 0.44836520275344177 0.6394520066666667 0.45221377471839797 0.6300496466666666 0.4460059612015019 0.6290911575 0.44076007384230287 0.6057950341666666 0.44708445682102627 0.5964285675000001 0.45306583979974974 0.5927213341666666 0.5008619574468085 0.5855191591666666 0.4308713491864831 0.51481402 0.5604679812265332 0.4961440508333333 0.5674434117647059 0.4718914883333333 0.5934871113892366 0.4711169741666667 0.6101444981226533 0.47515053916666666 0.624391002503129 0.46126306499999997 0.684716912390488
4 0.7497452333333334 0.6680482841051314 0.7529966266666667 0.6748778548185231 0.7658641791666667 0.6768856595744681 0.7683743008333334 0.6686855744680851 0.7555655766666667 0.579229365456821 0.7428283866666666 0.5784577158948686 0.7405380866666667 0.5967428335419275 0.7497452333333334 0.6680482841051314
5 0.655 0.3742177722152691 0.16 0.14017521902377972
4 0.21634253250000002 0.49841422528160195 0.20979884499999998 0.4923678060075094 0.20875594833333333 0.4824785607008761 0.19649164666666666 0.4701899349186483 0.18799252833333335 0.4456011814768461 0.17832781 0.43396134793491864 0.1584845825 0.42981137797246555 0.1429688875 0.4106931827284105 0.12889483333333332 0.4292470187734668 0.12092482083333332 0.4336772077596996 0.12661219166666668 0.47160645682102625 0.1236700825 0.4837107959949937 0.129912145 0.4948976257822278 0.16518160666666667 0.5093169136420526 0.1841122991666667 0.5048137934918648 0.206253485 0.5147529662077597 0.21833886500000002 0.5093438372966208 0.21634253250000002 0.49841422528160195
4 0.07224843166666667 0.4921411739674593 0.06791324083333333 0.48303508010012514 0.05898979333333333 0.486424901126408 0.059079254166666664 0.49527377847309134 0.06289299666666667 0.4994352503128911 0.07224843166666667 0.4921411739674593
4 0.009988804166666667 0.47780631664580725 0.03177980416666667 0.47642430037546935 0.05131374833333333 0.46164036045056317 0.03515390166666667 0.4604157071339174 0.011415129166666666 0.4673297083854818 0.006867773333333333 0.4722129023779725 0.009988804166666667 0.47780631664580725
4 0.3288173091666667 0.5248803454317897 0.3224039833333333 0.5200700813516896 0.31291818666666665 0.526128002503129 0.31001697833333336 0.53061962077597 0.31465379416666667 0.5345853041301627 0.3288173091666667 0.5248803454317897
4 0.37742721166666665 0.5297904618272841 0.37890209583333334 0.5357754530663329 0.40402629166666665 0.525997563204005 0.3967004316666667 0.5125342102628285 0.37742721166666665 0.5297904618272841
4 0.41203720499999996 0.5139546520650814 0.41650275833333333 0.5242969023779724 0.4254262058333333 0.5209070801001251 0.4197464933333333 0.507052151439299 0.41203720499999996 0.5139546520650814
4 0.1388867625 0.3799850801001251 0.140320745 0.3935827909887359 0.16817488583333334 0.3856898498122653 0.16617855333333334 0.37476023779724654 0.1388867625 0.3799850801001251
4 0.4972663125 0.2820642478097622 0.49605215249999995 0.2785515694618273 0.4820599008333334 0.2818799612015019 0.48080484 0.28598000375469335 0.483534785 0.2878649524405507 0.4972663125 0.2820642478097622
4 0.4493056091666667 0.4113192315394243 0.45125338249999997 0.40578724530663335 0.43920890333333334 0.4035836520650814 0.43808420416666666 0.40891984981226537 0.4418979466666667 0.4130813216520651 0.4493056091666667 0.4113192315394243
4 0.38538956583333334 0.5012859524405506 0.3832219708333333 0.4967329061326658 0.37663738166666666 0.4982992090112641 0.37468960916666666 0.5038311939924907 0.3782426275 0.5055203541927409 0.38538956583333334 0.5012859524405506
4 0.36920657166666665 0.8358656270337922 0.3570393883333333 0.856500197747184 0.358082285 0.8663894430538174 0.36557940833333336 0.8734762302878598 0.381649795 0.8658520062578222 0.39040197916666664 0.8688387509386734 0.3948189725 0.8627194017521903 0.38991377416666667 0.8322070863579474 0.3859696691666667 0.8268094593241552 0.36920657166666665 0.8358656270337922
4 0.0344075825 0.2933274080100125 0.04337959 0.3063991852315394 0.07136409333333332 0.2997423992490613 0.07894301916666667 0.2916037434292866 0.073084385 0.26005106132665834 0.038645655 0.2695103041301627 0.03284323833333334 0.2784935406758448 0.0344075825 0.2933274080100125