4 0.45699435000000005 0.6825740012515644 0.44425353 0.701316027534418 0.4412203975 0.725833664580726 0.43075782833333337 0.7416336382978724 0.431352515 0.7591774618272842 0.43847727833333333 0.764168420525657 0.46257896916666663 0.8227720663329162 0.4614325141666667 0.8292882991239049 0.4777425158333333 0.8439341026282854 0.4786565358333333 0.855114222778473 0.48237125416666665 0.8594730550688361 0.487333985 0.8585578911138924 0.4883788816666667 0.850799423028786 0.5000601450000001 0.8499062765957447 0.5071849083333333 0.8548972352941177 0.5141212150000001 0.8473133116395494 0.5159063358333333 0.8280696695869837 0.5352641291666667 0.8081074255319148 0.5476709558333334 0.8058195156445557 0.5588151108333334 0.8188960125156446 0.569059905 0.8107019799749687 0.5859070150000001 0.8113781401752191 0.5922193158333333 0.8064312140175218 0.5996927308333333 0.7848776458072592 0.6145809233333334 0.782132153942428 0.6219957 0.8009402302878598 0.6219663808333333 0.8211210525657072 0.6255648825 0.8343280613266583 0.6521479383333334 0.8924741239048811 0.6580100291666666 0.9128294906132666 0.6652363508333333 0.9190626846057572 0.7401997600000001 0.9014559912390487 0.7596591116666667 0.8827359812265332 0.7735024075 0.8877489574468085 0.7924246508333334 0.882998593241552 0.83514497 0.8612500538172716 0.8417766041666667 0.8499394242803504 0.8192705191666667 0.83139236795995 0.797620875 0.7925119637046307 0.7857364958333333 0.7909206395494368 0.7586016725 0.7568346320400501 0.7396794291666666 0.7615849962453066 0.7097145883333333 0.754501098873592 0.6996006708333333 0.7437565444305382 0.70054401 0.7347558423028786 0.6907934041666667 0.6873763491864832 0.6974250375 0.676065719649562 0.7088016275 0.6714458660826031 0.7061318058333333 0.6593285657071339 0.7250687091666667 0.6444877897371715 0.7288274058333334 0.6185753892365456 0.7192663141666668 0.5118956645807259 0.7201520741666667 0.471381491864831 0.7246363349999999 0.4440743291614518 0.7284672708333333 0.43958498498122656 0.7265376725 0.4159825106382979 0.7341995441666667 0.40700382478097624 0.7329808499999999 0.39209699874843557 0.7127236958333333 0.3907887133917397 0.7125928191666667 0.40972730037546934 0.7082394350000001 0.41809587734668335 0.700069775 0.42086338548185226 0.6957163908333334 0.42923196245306633 0.6732825450000001 0.43210796620775965 0.6563192183333334 0.44027998122653317 0.6521689500000001 0.4511330300375469 0.6478436716666667 0.4542477246558198 0.6481394658333334 0.45440558948685855 0.6534265708333333 0.45062874718398 0.6622680575000001 0.4657867484355444 0.6599064908333333 0.4690417847309136 0.6454620891666666 0.45596273717146435 0.6404774766666667 0.4595522290362954 0.6312250966666666 0.45285537546933663 0.6303890916666667 0.44756244305381726 0.6069601983333334 0.4526619136420526 0.5974604466666666 0.45814871214017516 0.5926448216666667 0.5057213992490613 0.5870734225 0.4353959261576971 0.5133998858333334 0.561207618272841 0.49457920083333334 0.5672002177722153 0.46973622750000005 0.5919568610763454 0.4685751133333333 0.6085635043804756 0.47227517249999995 0.6230127484355444 0.45699435000000005 0.6825740012515644
4 0.7456881158333334 0.6810362515644556 0.7487788275 0.688032082603254 0.7615918858333334 0.6907131138923654 0.7642910266666667 0.6826495919899874 0.7535688208333333 0.5925765106382979 0.7408573208333333 0.5911377146433041 0.7381435208333333 0.609291648310388 0.7456881158333334 0.6810362515644556
5 0.6579166666666667 0.38235294117647056 0.15833333333333333 0.13266583229036297
4 0.21655217833333334 0.483547351689612 0.21015297916666667 0.4771616307884856 0.20934051666666667 0.46722374593241556 0.19736924 0.45429977596996246 0.18944667416666666 0.429280521902378 0.18005832 0.41714120525657067 0.16032361416666668 0.41195368585732167 0.14526162583333332 0.3920338848560701 0.130765005 0.40983872966207757 0.12269690249999998 0.4138484743429287 0.1274994375 0.452052719649562 0.12427784833333334 0.46399547559449317 0.1302561575 0.47550266583229034 0.16516906916666668 0.4917618110137672 0.18419287083333333 0.48825368210262826 0.20608960833333334 0.49934732540675847 0.21829331999999999 0.49457494367959953 0.21655217833333334 0.483547351689612
4 0.07269162416666668 0.46972546433041307 0.068570675 0.460397689612015 0.059573892499999996 0.4633177259073842 0.05945767583333333 0.47216590112640805 0.06317239416666666 0.476524733416771 0.07269162416666668 0.46972546433041307
4 0.010803025833333334 0.45213601627033795 0.03261286583333333 0.4518970112640801 0.05247844833333334 0.438145944931164 0.036356903333333336 0.4360750225281602 0.012471929166666666 0.44174055068836043 0.007813871666666666 0.4463824205256571 0.010803025833333334 0.45213601627033795
4 0.32834343833333335 0.5158926883604505 0.32204579666666666 0.5107492015018774 0.3124250083333333 0.5163062365456821 0.309421195 0.5206430525657072 0.313963035 0.5248493579474344 0.32834343833333335 0.5158926883604505
4 0.37680963166666664 0.5233476908635795 0.3781445425 0.5294063416770964 0.403480645 0.5209512878598248 0.39647209833333336 0.5071121526908636 0.37680963166666664 0.5233476908635795
4 0.4117665225 0.5093356032540676 0.41598902916666664 0.5199056132665832 0.42498581166666666 0.5169855769712141 0.4196315091666667 0.5028413879849812 0.4117665225 0.5093356032540676
4 0.14189555916666668 0.3611305244055069 0.143012695 0.37479511514392994 0.17103327833333334 0.3683669499374218 0.16929213583333333 0.35733935794743427 0.14189555916666668 0.3611305244055069
4 0.502332205 0.28205372340425533 0.5012004099999999 0.2784795431789737 0.4871393391666667 0.28107250813516893 0.48578976916666666 0.28510426908635794 0.48847424999999994 0.28713115894868585 0.502332205 0.28205372340425533
4 0.45139718833333337 0.4087161188986233 0.4534723225 0.4032895944931164 0.4414863858333334 0.4004560350438048 0.4402383733333334 0.40573003254067586 0.44395309166666663 0.4100888648310388 0.45139718833333337 0.4087161188986233
4 0.3854295016666667 0.49527789111389237 0.38336902666666667 0.49061400375469333 0.3767520525 0.49183422152690864 0.37467691833333333 0.4972607459324155 0.3781885208333334 0.49913510763454316 0.3854295016666667 0.49527789111389237
4 0.36148165416666667 0.8288055193992491 0.3488423925 0.8487897809762203 0.349654855 0.858727664580726 0.35698273416666665 0.8662030951188986 0.3732204966666667 0.8594258410513141 0.3818979458333333 0.8628695093867333 0.38645444500000004 0.8569854042553192 0.38226125666666666 0.8262345719649562 0.37844498083333333 0.820633503128911 0.36148165416666667 0.8288055193992491
4 0.03949371166666667 0.26904939173967457 0.04815650083333334 0.2825834705882353 0.07627864166666666 0.2773975419274093 0.08404207083333334 0.26966109136420524 0.07892020333333334 0.23782055068836044 0.044282645833333335 0.24546893366708386 0.038275018333333334 0.2541425657071339 0.03949371166666667 0.26904939173967457