4 0.5916666666666667 0.4518147684605757 0.5083333333333333 0.5632040050062578 0.4891666666666667 0.5657071339173968 0.4625 0.5857321652065082 0.46 0.6020025031289111 0.4625 0.6170212765957447 0.4425 0.6733416770963705 0.42833333333333334 0.6896120150187734 0.42333333333333334 0.7133917396745932 0.4116666666666667 0.7271589486858573 0.41083333333333333 0.7446808510638298 0.4175 0.7509386733416771 0.43666666666666665 0.8135168961201502 0.435 0.8197747183979975 0.45 0.83729662077597 0.45 0.8485607008760951 0.4533333333333333 0.853566958698373 0.4583333333333333 0.853566958698373 0.46 0.8460575719649562 0.4716666666666667 0.8473091364205256 0.47833333333333333 0.853566958698373 0.48583333333333334 0.8473091364205256 0.4891666666666667 0.8285356695869838 0.51 0.8122653316645807 0.5225 0.8122653316645807 0.5325 0.8272841051314143 0.5433333333333333 0.8210262828535669 0.56 0.8247809762202754 0.5666666666666667 0.8210262828535669 0.5758333333333333 0.8010012515644556 0.5908333333333333 0.8010012515644556 0.5966666666666667 0.8210262828535669 0.595 0.8410513141426783 0.5975 0.8548185231539425 0.6191666666666666 0.9173967459324155 0.6233333333333333 0.9386733416770964 0.63 0.9461827284105131 0.7058333333333333 0.9424280350438048 0.7266666666666667 0.9274092615769712 0.74 0.934918648310388 0.7591666666666667 0.9336670838548186 0.8033333333333333 0.9198998748435544 0.8108333333333333 0.9098873591989988 0.79 0.8873591989987485 0.7716666666666666 0.8448060075093867 0.76 0.8410513141426783 0.7358333333333333 0.8022528160200251 0.7166666666666667 0.8035043804755945 0.6875 0.7909887359198998 0.6783333333333333 0.7784730913642053 0.68 0.769712140175219 0.6741666666666667 0.72090112640801 0.6816666666666666 0.7108886107634543 0.6933333333333334 0.7083854818523154 0.6916666666666667 0.6958698372966208 0.7116666666666667 0.6846057571964956 0.7175 0.6595744680851063 0.7166666666666667 0.5519399249061326 0.7208333333333333 0.5118898623279099 0.7275 0.4856070087609512 0.7316666666666667 0.4818523153942428 0.7316666666666667 0.45807259073842305 0.74 0.45056320400500627 0.74 0.4355444305381727 0.72 0.4305381727158949 0.7183333333333334 0.4493116395494368 0.7133333333333334 0.4568210262828536 0.705 0.45807259073842305 0.7 0.4655819774718398 0.6775 0.4643304130162703 0.66 0.4693366708385482 0.655 0.4793491864831039 0.6504542208333334 0.4816489974968711 0.650735 0.48185982478097616 0.6562891666666667 0.4790788485607009 0.6638347591666667 0.4957421464330413 0.6612266666666666 0.498540675844806 0.6479512258333333 0.48291531914893615 0.6427125 0.4855657071339174 0.6340724999999999 0.4772252816020025 0.6336722191666666 0.47181878598247806 0.6100041666666667 0.47259198998748436 0.6001299999999999 0.4762991239048811 0.59149 0.5226357947434292 0.5916666666666667 0.4518147684605757
4 0.7316666666666667 0.7321652065081352 0.7441666666666666 0.737171464330413 0.7475 0.7296620775969962 0.7441666666666666 0.6382978723404256 0.7316666666666667 0.6345431789737171 0.7275 0.6520650813516896 0.7291666666666666 0.7246558197747184 0.7316666666666667 0.7321652065081352
5 0.6661 0.41221526908635797 0.15071666666666658 0.10593241551939923
4 0.13 0.3954943679599499 0.135 0.40801001251564456 0.16833333333333333 0.4305381727158949 0.1875 0.4305381727158949 0.20833333333333334 0.4455569461827284 0.22083333333333333 0.4430538172715895 0.22 0.43178973717146435 0.21416666666666667 0.42428035043804757 0.21416666666666667 0.4142678347934919 0.20333333333333334 0.3992490613266583 0.1975 0.37296620775969963 0.18916666666666668 0.3591989987484355 0.17 0.3504380475594493 0.15666666666666668 0.327909887359199 0.14083333333333334 0.3429286608260325 0.1325 0.3454317897371715 0.13416666666666666 0.38423028785982477 0.13 0.3954943679599499
4 0.06833333333333333 0.3967459324155194 0.07833333333333334 0.39173967459324155 0.075 0.38172715894868586 0.06583333333333333 0.3829787234042553 0.065 0.39173967459324155 0.06833333333333333 0.3967459324155194
4 0.018333333333333333 0.36295369211514394 0.04 0.3667083854818523 0.060833333333333336 0.3566958698372966 0.045 0.35168961201501875 0.020833333333333332 0.35294117647058826 0.015833333333333335 0.3566958698372966 0.018333333333333333 0.36295369211514394
4 0.31333333333333335 0.490613266583229 0.3283333333333333 0.48435544430538174 0.3225 0.4780976220275344 0.3125 0.4818523153942428 0.30916666666666665 0.4856070087609512 0.31333333333333335 0.490613266583229
4 0.4025 0.5031289111389237 0.39666666666666667 0.4881101376720901 0.37583333333333335 0.5006257822277848 0.37666666666666665 0.5068836045056321 0.4025 0.5031289111389237
4 0.4241666666666667 0.5031289111389237 0.42 0.4881101376720901 0.4116666666666667 0.493116395494368 0.415 0.5043804755944932 0.4241666666666667 0.5031289111389237
4 0.18416666666666667 0.3091364205256571 0.18333333333333332 0.2978723404255319 0.15583333333333332 0.29662077596996245 0.15583333333333332 0.31038798498122655 0.18416666666666667 0.3091364205256571
4 0.5058333333333334 0.28660826032540676 0.52 0.28410513141426785 0.5191666666666667 0.28035043804755944 0.505 0.28035043804755944 0.5033333333333333 0.28410513141426785 0.5058333333333334 0.28660826032540676
4 0.45166666666666666 0.4005006257822278 0.45916666666666667 0.4005006257822278 0.46166666666666667 0.3954943679599499 0.45 0.3904881101376721 0.4483333333333333 0.3954943679599499 0.45166666666666666 0.4005006257822278
4 0.37916666666666665 0.47684605757196497 0.38666666666666666 0.47434292866082606 0.385 0.4693366708385482 0.37833333333333335 0.4693366708385482 0.37583333333333335 0.47434292866082606 0.37916666666666665 0.47684605757196497
4 0.3283333333333333 0.83729662077597 0.345 0.8335419274092616 0.35333333333333333 0.8385481852315394 0.35833333333333334 0.8335419274092616 0.3566666666666667 0.8022528160200251 0.35333333333333333 0.7959949937421777 0.3358333333333333 0.8010012515644556 0.32166666666666666 0.818523153942428 0.32166666666666666 0.8285356695869838 0.3283333333333333 0.83729662077597
4 0.06916666666666667 0.20150187734668334 0.0975 0.20150187734668334 0.10583333333333333 0.19524405506883605 0.10333333333333333 0.16270337922403003 0.06833333333333333 0.1639549436795995 0.06166666666666667 0.17146433041301626 0.06166666666666667 0.18648310387984982 0.06916666666666667 0.20150187734668334