1 0.135498046875 0.014322916666666666 0.18408203125 0.028645833333333332
1 0.35400390625 0.22102864583333334 0.1767578125 0.125
1 0.50732421875 0.2701822916666667 0.142578125 0.16536458333333334
1 0.7109375 0.3076171875 0.24658203125 0.17447916666666666
1 0.9052734375 0.53515625 0.189453125 0.4583333333333333
1 0.543212890625 0.11555989583333333 0.18359375 0.19921875
1 0.50146484375 0.5810546875 0.10791015625 0.22200520833333334
1 0.330078125 0.5608723958333334 0.25537109375 0.16080729166666666
1 0.671142578125 0.6184895833333334 0.2626953125 0.16861979166666666
1 0.451904296875 0.6809895833333334 0.5107421875 0.09895833333333333
1 0.114990234375 0.7268880208333334 0.05419921875 0.244140625