1 0.09033203125 0.0390625 0.17822265625 0.07747395833333333
1 0.32958984375 0.24674479166666666 0.1689453125 0.09830729166666667
1 0.486328125 0.2708333333333333 0.13037109375 0.14518229166666666
1 0.69189453125 0.2747395833333333 0.23583984375 0.13736979166666666
1 0.9150390625 0.4674479166666667 0.169921875 0.4342447916666667
1 0.5078125 0.111328125 0.1689453125 0.17317708333333334
1 0.5087890625 0.580078125 0.08935546875 0.208984375
1 0.3369140625 0.587890625 0.24609375 0.12174479166666667
1 0.6806640625 0.58984375 0.2529296875 0.12825520833333334
1 0.46875 0.6875 0.51318359375 0.015625
1 0.138671875 0.7877604166666666 0.0322265625 0.24088541666666666