1 0.21291666666666667 0.586875 0.19916666666666666 0.22375
1 0.265 0.74375 0.2525 0.16
1 0.050416666666666665 0.616875 0.10083333333333333 0.37125
1 0.04541666666666667 0.951875 0.05583333333333333 0.09625
1 0.25083333333333335 0.93 0.08 0.14
1 0.5141666666666667 0.52625 0.043333333333333335 0.29875
1 0.6216666666666667 0.47625 0.008333333333333333 0.0575
1 0.74125 0.538125 0.019166666666666665 0.04875
1 0.7791666666666667 0.57375 0.02666666666666667 0.165
1 0.8683333333333333 0.635625 0.11083333333333334 0.215
1 0.5466666666666666 0.498125 0.025 0.0875
1 0.4483333333333333 0.505625 0.049166666666666664 0.0575