1 0.20953333333333332 0.5568 0.19018333333333334 0.20433749999999995
1 0.2541333333333333 0.7188125 0.24728333333333333 0.13391250000000013
1 0.04416666666666667 0.57 0.08833333333333333 0.3625
1 0.025 0.918775 0.05 0.12273750000000007
1 0.23125 0.91875 0.0725 0.1625
1 0.5130333333333333 0.527625 0.029775000000000017 0.29599999999999993
1 0.6224416666666667 0.48877499999999996 0.005991666666666712 0.05717500000000001
1 0.7390916666666666 0.5630625 0.01706666666666668 0.047424999999999926
1 0.7752 0.6030875 0.018916666666666703 0.16358749999999994
1 0.8609833333333334 0.6739 0.10160000000000007 0.20521250000000002
1 0.546525 0.5031125 0.02081666666666668 0.08586250000000006
1 0.4483833333333333 0.5003375 0.04676666666666662 0.052537499999999966