1 0.7925 0.51875 0.20166666666666666 0.22875
1 0.7575 0.685625 0.25416666666666665 0.16625
1 0.9516666666666667 0.51 0.09666666666666666 0.3725
1 0.9845833333333334 0.854375 0.030833333333333334 0.12875
1 0.7920833333333334 0.881875 0.08166666666666667 0.17125
1 0.48875 0.529375 0.04666666666666667 0.29875
1 0.3775 0.505 0.009166666666666667 0.0575
1 0.2654166666666667 0.594375 0.02 0.05
1 0.23166666666666666 0.63875 0.028333333333333332 0.165
1 0.15041666666666667 0.720625 0.11333333333333333 0.2175
1 0.45375 0.509375 0.025833333333333333 0.08875
1 0.55125 0.49375 0.05 0.05875