1 0.492333984375 0.558349609375 0.287119140625 0.20059570312500002
1 0.211728515625 0.609970703125 0.14165039062500004 0.13641601562500005
1 0.22544921875 0.44701171875 0.04912109374999998 0.10905273437500002
1 0.277294921875 0.469091796875 0.04957031249999999 0.10578124999999994
4 0.54509765625 0.77478515625 0.45682617187499996 0.20098632812499995
4 0.72705078125 0.91552734375 0.5458984375 0.1689453125
4 0.840400390625 0.765009765625 0.3191992187499999 0.33767578125
4 0.24728515625000003 0.974560546875 0.449921875 0.05087890624999991
1 0 0.681640625 0.0234375 0.6826171875 0.130859375 0.6728515625 0.1298828125 0.654296875 0.142578125 0.6396484375 0.1494140625 0.6220703125 0.150390625 0.57421875 0.142578125 0.55078125 0.1044921875 0.5439453125 0.0546875 0.5439453125 0.00390625 0.5498046875 0 0.5517578125 0 0.681640625
1 0 0.734375 0.0673828125 0.732421875 0.1064453125 0.728515625 0.1328125 0.7216796875 0.22265625 0.724609375 0.2548828125 0.71875 0.2724609375 0.7197265625 0.267578125 0.7158203125 0.271484375 0.7041015625 0.2568359375 0.6884765625 0.0048828125 0.69140625 0 0.6923828125 0 0.734375
1 0.671875 0.615234375 0.677734375 0.6201171875 0.6845703125 0.6328125 0.6865234375 0.6435546875 0.6826171875 0.662109375 0.703125 0.662109375 0.708984375 0.658203125 0.7060546875 0.654296875 0.7109375 0.640625 0.708984375 0.6240234375 0.71875 0.609375 0.724609375 0.603515625 0.7392578125 0.6103515625 0.7431640625 0.607421875 0.7392578125 0.546875 0.736328125 0.541015625 0.7255859375 0.53515625 0.7197265625 0.4990234375 0.7177734375 0.50390625 0.7109375 0.505859375 0.69140625 0.505859375 0.69140625 0.4970703125 0.681640625 0.4892578125 0.66015625 0.4931640625 0.6640625 0.615234375 0.671875 0.615234375
1 0.736328125 0.5166015625 0.751953125 0.513671875 0.755859375 0.486328125 0.7509765625 0.4423828125 0.7314453125 0.4375 0.7265625 0.443359375 0.73046875 0.51171875 0.736328125 0.5166015625
1 0.3662109375 0.337890625 0.3720703125 0.3447265625 0.375 0.33984375 0.3984375 0.3388671875 0.412109375 0.3427734375 0.431640625 0.3408203125 0.4384765625 0.3349609375 0.4375 0.3251953125 0.4111328125 0.318359375 0.3564453125 0.31640625 0.3564453125 0.341796875 0.3662109375 0.337890625