1 0.50439453125 0.55859375 0.296875 0.2158203125
1 0.7822265625 0.625 0.1484375 0.1435546875
1 0.77685546875 0.46142578125 0.0546875 0.111328125
1 0.72412109375 0.48095703125 0.0546875 0.1083984375
4 0.4404296875 0.77197265625 0.466796875 0.224609375
4 0.26416015625 0.90185546875 0.5283203125 0.1962890625
4 0.1572265625 0.7470703125 0.314453125 0.353515625
4 0.72705078125 0.97509765625 0.4521484375 0.0498046875
1 0.8437168046875 0.64025126953125 0.84962340625 0.6581630693359375 0.8615346806640625 0.673455853515625 0.85958837890625 0.6919340029296875 0.9663519423828125 0.707308271484375 0.989808431640625 0.7075596708984375 0.99660597265625 0.5778548583984375 0.992807294921875 0.57569997265625 0.942402294921875 0.5671909423828125 0.89266586328125 0.5645843662109375 0.85427435546875 0.569417671875 0.8452459384765625 0.5924141767578125 0.8437168046875 0.64025126953125
1 0.7333327724609375 0.7312786533203125 0.765208513671875 0.7388166064453126 0.8550824638671874 0.7405929921875 0.8810557509765625 0.7487995126953125 0.919860279296875 0.754744783203125 0.98704852734375 0.760221775390625 0.989246228515625 0.71828713671875 0.9844212177734375 0.7170563662109375 0.7329667138671875 0.7009444853515625 0.7175206015625 0.7157814326171875 0.7208081865234375 0.7276885595703125 0.7157276279296875 0.7313339091796875 0.7333327724609375 0.7312786533203125
1 0.282320576171875 0.492503515625 0.2806256748046875 0.48752517578125 0.2728832841796875 0.5233018134765625 0.261849162109375 0.5285909560546875 0.258616833984375 0.53428897265625 0.2515471591796875 0.59454843359375 0.2552947275390625 0.59767854296875 0.27028085546875 0.5916186142578125 0.2758255439453125 0.597776615234375 0.2848111455078125 0.6129160703125 0.2819918388671875 0.629392662109375 0.2861524287109375 0.64330134765625 0.2830223193359375 0.647048916015625 0.2886692265625 0.65125646875 0.30914893359375 0.6523297646484375 0.3062191142578125 0.633596068359375 0.308731765625 0.6229708212890624 0.316222755859375 0.6106506728515625 0.3223296474609375 0.6060812080078125 0.3301314404296875 0.60649008203125 0.34042100390625 0.4847915 0.319170509765625 0.4797661982421875 0.3090093935546875 0.4870568984375 0.3085494091796875 0.495833916015625 0.2890449267578125 0.4948117294921875 0.282320576171875 0.492503515625
1 0.2631268955078125 0.5042103525390625 0.269233787109375 0.4996408876953125 0.2767123369140625 0.4315796337890625 0.2721428720703125 0.4254727421875 0.2523828427734375 0.4293266767578125 0.2452068017578125 0.472956216796875 0.2476766376953125 0.5004669306640624 0.2631268955078125 0.5042103525390625
1 0.5959987763671875 0.3475887509765625 0.6098563515625 0.344403384765625 0.6332106220703125 0.3466052333984375 0.635880748046875 0.351634681640625 0.6420898583984375 0.3451147685546875 0.6516376630859375 0.3495267587890625 0.6529665048828125 0.3241709306640625 0.598251734375 0.3232592568359375 0.571562916015625 0.328705873046875 0.5700765986328125 0.338407005859375 0.57659651171875 0.3446161162109375 0.5959987763671875 0.3475887509765625