1 0.5146484375 0.55712890625 0.3095703125 0.234375
1 0.79931640625 0.57421875 0.1572265625 0.15234375
1 0.76611328125 0.4140625 0.0625 0.1142578125
1 0.71728515625 0.4423828125 0.0625 0.111328125
4 0.48876953125 0.7783203125 0.4775390625 0.2548828125
4 0.3251953125 0.9111328125 0.5625 0.177734375
4 0.1943359375 0.8046875 0.3583984375 0.3740234375
4 0.791015625 0.9404296875 0.41796875 0.10546875
1 1 0.4895201494140625 0.998465607421875 0.4889748310546875 0.947348794921875 0.48934780859375 0.89791534375 0.4954174736328125 0.8609463837890625 0.50684396484375 0.8560484296875 0.5310588701171876 0.8628493515625 0.5784347412109375 0.8717765703125 0.59504875 0.88616244921875 0.6080408310546875 0.8874544130859375 0.6265762275390625 0.9952657119140625 0.6231776279296874 1 0.622395064453125 1 0.4895201494140625
1 1 0.6312775107421875 0.7643210693359375 0.6574374423828125 0.75168602734375 0.6747311708984375 0.7569913173828124 0.68588651953125 0.752620953125 0.6903587177734375 0.7699490400390625 0.6872472001953125 0.80264946875 0.6891354697265625 0.891466498046875 0.6752784208984375 0.9184702392578125 0.678850052734375 0.9577176259765625 0.6779666650390626 1 0.67401468359375 1 0.6312775107421875
1 0.284325865234375 0.5304170390625 0.2817922333984375 0.5258086484375 0.2803800146484375 0.5623862109375 0.2704319765625 0.5695110537109375 0.2682382041015625 0.57568379296875 0.27173987890625 0.6362554130859375 0.2759740517578125 0.6386872109375 0.2896802109375 0.6301170322265625 0.29620998828125 0.635218654296875 0.307688017578125 0.6485677744140625 0.3077726728515625 0.6652836171875 0.314285271484375 0.6782585185546876 0.3118534736328125 0.68249269140625 0.3181452255859375 0.6856557470703125 0.3385001767578125 0.68315647265625 0.3323617958984375 0.6652161416015625 0.33299121875 0.6543159990234375 0.338229033203125 0.6408822236328126 0.34344966796875 0.635321728515625 0.3512039345703125 0.634369625 0.340204439453125 0.5127331533203126 0.3184041533203125 0.511474306640625 0.309663423828125 0.5204187041015625 0.310734541015625 0.52914225390625 0.2913488740234375 0.5315225146484375 0.284325865234375 0.5304170390625
1 0.267456650390625 0.545278970703125 0.27267728515625 0.5397184755859376 0.2682235068359375 0.4713925888671875 0.26266301171875 0.4661719541015625 0.24387241015625 0.473398630859375 0.2443815791015625 0.517611447265625 0.251591078125 0.5442753291015625 0.267456650390625 0.545278970703125
1 0.5680744033203124 0.3332342080078125 0.581168318359375 0.3276908916015625 0.6045501318359375 0.3258038623046875 0.608053046875 0.330293240234375 0.61303565625 0.3227941787109375 0.6232045419921876 0.325481181640625 0.620110203125 0.300279814453125 0.566068361328125 0.308883111328125 0.5407308017578125 0.3188814462890625 0.5409516494140625 0.32869329296875 0.5484507109375 0.3336759013671875 0.5680744033203124 0.3332342080078125