1 0.2097560975609756 0.4609756097560976 0.208130081300813 0.5341463414634147 0.22276422764227644 0.551219512195122 0.33658536585365856 0.5951219512195122 0.383739837398374 0.551219512195122 0.4113821138211382 0.573170731707317 0.43902439024390244 0.5682926829268292 0.44715447154471544 0.5780487804878048 0.5138211382113821 0.5926829268292683 0.5203252032520326 0.5317073170731708 0.5138211382113821 0.33658536585365856 0.5040650406504065 0.33658536585365856 0.4975609756097561 0.35365853658536583 0.46504065040650405 0.36097560975609755 0.44715447154471544 0.34146341463414637 0.4373983739837398 0.35365853658536583 0.424390243902439 0.3463414634146341 0.41788617886178864 0.33170731707317075 0.4065040650406504 0.33170731707317075 0.3886178861788618 0.348780487804878 0.3089430894308943 0.33414634146341465 0.21300813008130082 0.36829268292682926 0.2032520325203252 0.3902439024390244 0.2097560975609756 0.4609756097560976
1 0.35886178861788615 0.29485365853658535 0.07635772357723573 0.07390243902439024
1 0.551560975609756 0.2585121951219512 0.057040650406504134 0.07436585365853661
1 0.7525040650406505 0.40048780487804875 0.3270569105691057 0.6608780487804876
4 0.18333333333333332 0.7286097560975611 0.06495934959349592 0.04439024390243913
4 0.28780487804878047 0.7317073170731707 0.2943089430894309 0.7585365853658537 0.2926829268292683 0.7658536585365854 0.2731707317073171 0.7658536585365854 0.25853658536585367 0.7560975609756098 0.23577235772357724 0.7707317073170732 0.24552845528455283 0.8073170731707318 0.26991869918699185 0.8268292682926829 0.23577235772357724 0.8634146341463415 0.3073170731707317 0.8512195121951219 0.4926829268292683 0.875609756097561 0.5495934959349593 0.8560975609756097 0.5967479674796748 0.8878048780487805 0.6227642276422765 0.8780487804878049 0.6260162601626016 0.8609756097560975 0.640650406504065 0.8560975609756097 0.7008130081300813 0.8512195121951219 0.7121951219512195 0.8682926829268293 0.7398373983739838 0.8682926829268293 0.7365853658536585 0.8268292682926829 0.6926829268292682 0.8 0.6829268292682927 0.7804878048780488 0.5008130081300813 0.6878048780487804 0.44390243902439025 0.7024390243902439 0.416260162601626 0.6902439024390243 0.4097560975609756 0.6731707317073171 0.3902439024390244 0.6731707317073171 0.3121951219512195 0.697560975609756 0.27479674796747966 0.6902439024390243 0.26504065040650404 0.7 0.26666666666666666 0.7121951219512195 0.28780487804878047 0.7317073170731707
4 0.4699674796747967 0.9392682926829269 0.0745203252032521 0.07275609756097572
4 0.909089430894309 0.8963658536585366 0.047626016260162544 0.024902439024390332
4 0.21138211382113822 0.5707317073170731 0.17886178861788618 0.5317073170731708 0.12357723577235773 0.524390243902439 0.0959349593495935 0.4902439024390244 0.08780487804878048 0.4902439024390244 0.07642276422764227 0.5073170731707317 0.04065040650406504 0.5146341463414634 0.056910569105691054 0.5634146341463414 0.21138211382113822 0.5707317073170731
1 0.5596910569105691 0.44182926829268293 0.055235772357723624 0.24590243902439024
1 0.18229268292682926 0.448609756097561 0.03575609756097563 0.14565853658536593
1 0.14178861788617886 0.43665853658536585 0.021609756097560964 0.07565853658536581
1 0.040634146341463416 0.42763414634146346 0.04331707317073171 0.030512195121951198
4 0.2145040650406504 0.8065121951219513 0.06765853658536587 0.04570731707317075
4 0.3224390243902439 0.6703658536585366 0.04686178861788617 0.03629268292682926
4 0.3953008130081301 0.6610975609756098 0.055268292682926844 0.025902439024390257
4 0.7385203252032521 0.7769268292682927 0.04796747967479675 0.027219512195121875
4 0.8315609756097563 0.8160000000000001 0.06058536585365861 0.04299999999999999
4 0.7529756097560976 0.9221219512195121 0.022666666666666755 0.027609756097561097
4 0.8103414634146342 0.931829268292683 0.016341463414634074 0.033487804878048824
4 0.5584878048780488 0.9277560975609755 0.034764227642276414 0.03619512195121959
4 0.6497073170731708 0.8891463414634146 0.040162601626016335 0.02129268292682931
4 0.6698861788617887 0.8654390243902439 0.02268292682926837 0.019951219512195
4 0.746650406504065 0.816439024390244 0.03170731707317073 0.02765853658536593
4 0.7730081300813008 0.8433170731707317 0.028390243902439084 0.02448780487804869
4 0.2799837398373984 0.5906585365853658 0.030617886178861763 0.02592682926829267
4 0.23377235772357724 0.5752926829268292 0.030325203252032484 0.02231707317073165