1 0.5825713593495935 0.3546271731707317 0.5692546406504065 0.3605653195121951 0.5600894341463414 0.3473790780487805 0.5413394243902439 0.3649722268292683 0.5092385934959349 0.35427022439024386 0.5035443479674797 0.3365580902439025 0.49381201463414637 0.33553726585365856 0.4782497804878048 0.5295033585365854 0.4819023739837398 0.5910109853658536 0.5490871934959349 0.5833881341463415 0.5576511723577235 0.5745064902439024 0.5849992634146342 0.5822649975609756 0.613595030894309 0.5632595926829268 0.6585929837398374 0.6119890829268293 0.7741785121951219 0.5801032292682926 0.7895709853658537 0.5646028878048781 0.7913516861788618 0.4914402585365854 0.8011292357723577 0.4215614 0.7924177300813008 0.39864282682926827 0.6983044162601626 0.35454153658536586 0.6181431528455285 0.36080328536585365 0.6010945203252033 0.34190019024390245 0.5897401317073171 0.3407092243902439 0.5825713593495935 0.3546271731707317
1 0.6504065040650406 0.3097560975609756 0.07967479674796749 0.08292682926829269
1 0.46016260162601624 0.25365853658536586 0.06016260162601626 0.08048780487804878
1 0.2528455284552846 0.374390243902439 0.35772357723577236 0.6926829268292682
4 0.8048780487804879 0.7609756097560976 0.06666666666666667 0.05121951219512195
4 0.5746886894308942 0.6985425707317072 0.5465466211382114 0.7078156463414633 0.4904552341463415 0.6872623268292684 0.3044748780487805 0.7606640536585365 0.2938351447154472 0.7791078926829268 0.24879197235772355 0.8012780878048781 0.24361963414634147 0.8423002243902439 0.27119457560975607 0.8451925658536585 0.2833429398373984 0.8293519487804878 0.34313213658536584 0.8405132097560976 0.35750378536585364 0.8469106170731708 0.35995392032520324 0.8642824731707317 0.3854531056910569 0.8767370097560976 0.433967237398374 0.8500409243902438 0.4898317739837398 0.8754604097560975 0.675880338211382 0.8705252804878049 0.7466836487804878 0.890176756097561 0.7143218634146342 0.8501076195121952 0.7395600943089431 0.8331950195121951 0.7509938048780488 0.7977196024390244 0.7289655804878049 0.7807391756097561 0.713913380487805 0.7889402682926829 0.6944487170731707 0.7868986146341462 0.6931669365853659 0.7794292268292683 0.7009028357723578 0.7533458658536585 0.722896956097561 0.7360929902439025 0.7250861365853659 0.7240977146341464 0.7158075056910569 0.713344556097561 0.678159956097561 0.7167306365853658 0.6014355512195122 0.6842331951219512 0.5819708861788618 0.6821915414634147 0.5746886894308942 0.6985425707317072
4 0.5097560975609756 0.9414634146341463 0.07804878048780488 0.08048780487804878
4 0.07317073170731707 0.8524390243902439 0.04878048780487805 0.02926829268292683
4 0.8188814081300814 0.5652322829268293 0.7846254975609757 0.6007588585365853 0.9390610325203251 0.6096226926829268 0.9575500894308944 0.5626624097560976 0.9222051479674797 0.551620131707317 0.9116447365853658 0.5333975853658536 0.9035344585365853 0.5325468975609756 0.8743715658536586 0.5637177170731708 0.8188814081300814 0.5652322829268293
1 0.44308943089430897 0.4353658536585366 0.06666666666666667 0.25121951219512195
1 0.8195121951219512 0.4817073170731707 0.04227642276422764 0.14878048780487804
1 0.8601626016260162 0.474390243902439 0.024390243902439025 0.07804878048780488
1 0.9617886178861789 0.47560975609756095 0.04390243902439024 0.03414634146341464
4 0.7707317073170732 0.8353658536585366 0.06991869918699187 0.05365853658536585
4 0.6691056910569105 0.6890243902439024 0.04878048780487805 0.041463414634146344
4 0.5967479674796748 0.6719512195121952 0.056910569105691054 0.03170731707317073
4 0.24878048780487805 0.751219512195122 0.04878048780487805 0.03170731707317073
4 0.15447154471544716 0.7804878048780488 0.061788617886178863 0.04878048780487805
4 0.22764227642276422 0.8951219512195122 0.024390243902439025 0.02926829268292683
4 0.17073170731707318 0.8987804878048781 0.01788617886178862 0.03414634146341464
4 0.4219512195121951 0.9207317073170732 0.03577235772357724 0.03902439024390244
4 0.33252032520325203 0.8719512195121951 0.04065040650406504 0.024390243902439025
4 0.31382113821138213 0.8463414634146341 0.022764227642276424 0.02195121951219512
4 0.23902439024390243 0.7902439024390244 0.032520325203252036 0.03170731707317073
4 0.21138211382113822 0.8134146341463414 0.02926829268292683 0.026829268292682926
4 0.7154471544715447 0.6134146341463415 0.032520325203252036 0.02926829268292683
4 0.7617886178861789 0.6024390243902439 0.030894308943089432 0.024390243902439025