1 0.5773860471544715 0.34834422439024393 0.5642947658536586 0.35531964878048783 0.554682043902439 0.34287098292682927 0.5365715658536585 0.3619119707317073 0.5041413268292683 0.3537446756097561 0.4978368975609756 0.33650383658536587 0.48808228617886185 0.33624843658536585 0.47930898048780485 0.5311704024390244 0.485102606504065 0.5923069926829269 0.5519293869918699 0.5794203146341463 0.5601717414634146 0.5698785390243902 0.5877530520325203 0.5754794804878048 0.6156465203252033 0.5542552414634146 0.6622830081300813 0.5993854317073171 0.7765976113821138 0.5584693585365854 0.7914281756097561 0.5417818902439024 0.7906537430894309 0.46857973414634146 0.7979797772357724 0.3980290682926829 0.7884805658536586 0.37582579024390245 0.6929575089430894 0.3391732048780488 0.6131245788617886 0.35171934878048783 0.5954397707317074 0.33418054146341464 0.5840593902439024 0.3338825756097561 0.5773860471544715 0.34834422439024393
1 0.6439024390243903 0.29878048780487804 0.07642276422764227 0.07560975609756097
1 0.45121951219512196 0.2573170731707317 0.05853658536585366 0.07560975609756097
1 0.24878048780487805 0.39390243902439026 0.33495934959349594 0.6682926829268293
4 0.8138211382113821 0.7365853658536585 0.06504065040650407 0.046341463414634146
4 0.5815136081300813 0.692407119512195 0.5537336520325203 0.7038767487804878 0.4970020178861789 0.6877549902439025 0.31383757398373985 0.7756563146341464 0.30385593821138207 0.7949101365853659 0.25964802926829267 0.8205860146341464 0.25591406829268293 0.8619579804878049 0.2835521333333333 0.8626816170731707 0.2951311593495935 0.8459090146341464 0.3552278422764228 0.8523612926829268 0.3698030032520325 0.8576216999999999 0.3728558959349593 0.8747774048780487 0.39875468292682925 0.8852130853658536 0.4462708845528455 0.8547450365853659 0.502945762601626 0.8757440999999999 0.688567162601626 0.8562101902439024 0.7599590926829268 0.8702763975609756 0.7262436195121952 0.8328027000000001 0.7508571723577235 0.8139319780487805 0.7610374520325203 0.7776075853658537 0.7384469593495935 0.7623797317073171 0.7237015300813008 0.7717512414634146 0.7041923073170732 0.7712404414634146 0.7026516715447155 0.7638819146341462 0.7094669040650406 0.7372270000000001 0.730828918699187 0.7182711463414635 0.7325965772357723 0.7061204487804879 0.7229554764227643 0.6961104365853659 0.6854776650406504 0.702447356097561 0.6077245512195122 0.6760176195121951 0.5882153268292684 0.6755068170731706 0.5815136081300813 0.692407119512195
4 0.5252032520325203 0.9402439024390243 0.07479674796747968 0.07560975609756097
4 0.08617886178861789 0.8853658536585366 0.04715447154471545 0.026829268292682926
4 0.8207203886178862 0.5401094390243902 0.787750969105691 0.5782765487804878 0.9422841203252033 0.5750044414634147 0.9591093642276423 0.5266570512195122 0.9234275886178862 0.5184046219512195 0.9122458536585366 0.5010360829268292 0.9041170113821139 0.5008232487804878 0.8760816536585365 0.5342407536585366 0.8207203886178862 0.5401094390243902
1 0.44065040650406506 0.4402439024390244 0.05853658536585366 0.24634146341463414
1 0.8178861788617886 0.4573170731707317 0.03739837398373984 0.14634146341463414
1 0.8585365853658536 0.44634146341463415 0.022764227642276424 0.07560975609756097
1 0.9601626016260163 0.4402439024390244 0.04390243902439024 0.03170731707317073
4 0.7821138211382114 0.8134146341463414 0.06829268292682927 0.046341463414634146
4 0.675609756097561 0.6743902439024391 0.04715447154471545 0.036585365853658534
4 0.6024390243902439 0.6634146341463415 0.055284552845528454 0.026829268292682926
4 0.25853658536585367 0.7707317073170732 0.04878048780487805 0.02926829268292683
4 0.16504065040650406 0.8073170731707318 0.061788617886178863 0.04390243902439024
4 0.24227642276422764 0.9158536585365854 0.022764227642276424 0.02926829268292683
4 0.18455284552845527 0.9231707317073171 0.016260162601626018 0.03414634146341464
4 0.43658536585365854 0.925609756097561 0.03577235772357724 0.036585365853658534
4 0.34552845528455284 0.8853658536585366 0.04065040650406504 0.02195121951219512
4 0.3260162601626016 0.8609756097560975 0.022764227642276424 0.01951219512195122
4 0.24959349593495936 0.8097560975609757 0.032520325203252036 0.02926829268292683
4 0.22276422764227644 0.8365853658536585 0.02926829268292683 0.024390243902439025
4 0.71869918699187 0.5963414634146341 0.030894308943089432 0.026829268292682926
4 0.765040650406504 0.5817073170731707 0.030894308943089432 0.02195121951219512