1 0 0.46713876953125005 0.0191784228515625 0.4585504596354167 0.0337888544921875 0.44156508072916667 0.0253571484375 0.4373553229166667 0.0235432626953125 0.4264963854166666 0.0134649423828125 0.4285524700520833 0.0053050595703125 0.4217638893229167 0 0.4575533528645834 0 0.46713876953125005
1 0.1258110185546875 0.46669818750000003 0.1197525244140625 0.47739681640625004 0.1112789873046875 0.5297190455729167 0.105178662109375 0.5969496614583333 0.13128924609375 0.60184246484375 0.1429828212890625 0.5751063463541667 0.142240544921875 0.5447250208333333 0.1373895712890625 0.5346118502604167 0.1487642841796875 0.482833265625 0.1414198681640625 0.46830821614583334 0.1258110185546875 0.46669818750000003
1 0.2051359267578125 0.6590714596354167 0.2085493876953125 0.6360432669270834 0.202882947265625 0.6336665651041666 0.19221394140625 0.6132590091145833 0.1931653203125 0.6042331276041667 0.200614287109375 0.5990545755208333 0.205418220703125 0.5815464583333333 0.2067146123046875 0.5318239596354167 0.218170439453125 0.49620992708333334 0.2167145322265625 0.48373239583333333 0.21269470703125 0.4750898515625 0.2055175625 0.4776895807291666 0.1834111240234375 0.4722322252604167 0.168785013671875 0.48001050781250004 0.1729564306640625 0.4965707369791667 0.1665215625 0.5295517916666667 0.1709648017578125 0.5435331966145833 0.16732655859375 0.5967615000000001 0.1542268310546875 0.6087704479166667 0.14848719921875 0.6445115416666667 0.173087080078125 0.6543807760416667 0.2051359267578125 0.6590714596354167
1 0.293498958984375 0.6440724999999999 0.317100419921875 0.6353463294270834 0.338663212890625 0.6459613307291666 0.3564780029296875 0.6453549661458333 0.3559500380859375 0.6597197083333334 0.369217037109375 0.6648355403645834 0.379734451171875 0.6773254127604167 0.37905489453125 0.6837724700520833 0.3880459248046875 0.6920316783854167 0.3961901279296875 0.6896131627604167 0.4129176279296875 0.6993220911458334 0.4276639697265625 0.68104730078125 0.4309885595703125 0.6869298059895833 0.4374704677734375 0.6815700390625 0.4840251953125 0.6889789453125 0.497804478515625 0.67052294140625 0.4977574384765625 0.6429016536458333 0.4868009306640625 0.61586582421875 0.472823015625 0.5987828580729166 0.411412185546875 0.5451990703125 0.40834373828125 0.52753064453125 0.400879091796875 0.5235021015625 0.3726984794921875 0.5195362786458334 0.363451306640625 0.5230629908854166 0.3381561904296875 0.5104337174479167 0.2899548486328125 0.50929065234375 0.2667611201171875 0.5141485885416667 0.258904419921875 0.5231953763020833 0.2495683759765625 0.5556327864583334 0.2216909462890625 0.56750233203125 0.195371259765625 0.602016734375 0.1933169111328125 0.6121508125 0.1959462646484375 0.6152732799479167 0.216813822265625 0.6231282447916667 0.2441476064453125 0.6164163450520833 0.251356111328125 0.6322308059895834 0.2662854052734375 0.6402878919270834 0.275804400390625 0.6341823580729167 0.293498958984375 0.6440724999999999
1 0.5463090029296875 0.6875013736979166 0.560119646484375 0.6874595598958333 0.583161783203125 0.6746839401041668 0.5890686865234375 0.6560676263020834 0.5790949169921875 0.6384201080729167 0.58018220703125 0.62810481640625 0.5855611455078125 0.6238532447916666 0.5832036142578125 0.618151953125 0.5925710185546875 0.604128734375 0.5986451923828126 0.6026372018229167 0.6008668125 0.6096279036458333 0.612696298828125 0.5816023736979167 0.609899673828125 0.5613551250000001 0.56083582421875 0.5403272421875 0.55547256640625 0.55378591015625 0.54926248046875 0.5565668541666667 0.529346302734375 0.5396860091145833 0.5050339248046875 0.536445046875 0.4769003525390625 0.56010051171875 0.47333530078125 0.57521101953125 0.4948824130859375 0.5766189257812501 0.50691053125 0.5841323671875 0.5102821611328126 0.61763616015625 0.504647080078125 0.6336736510416666 0.5073077939453124 0.6552103098958334 0.5217091220703125 0.6776321380208333 0.5463090029296875 0.6875013736979166
1 0.5664081328125 0.7307140950520834 0.5628117197265625 0.7274104114583334 0.5680390673828125 0.71524115625 0.558912125 0.7082713606770833 0.5030945458984375 0.6951820690104166 0.490010498046875 0.7163981119791667 0.5664081328125 0.7307140950520834
1 0.7699661669921875 0.6426299361979166 0.7702536689453126 0.6492582083333334 0.7538293525390625 0.6553846497395833 0.7469083505859375 0.6461984609375 0.74029053125 0.652847640625 0.734064765625 0.6464214895833333 0.7325540615234375 0.6513979205729167 0.7295640146484375 0.6797649752604166 0.738555044921875 0.6880241822916666 0.7885702724609375 0.7000261835937499 0.7983610908203125 0.6913418268229167 0.8027572900390625 0.6777019440104167 0.8045241357421875 0.66093959375 0.7951096923828125 0.6473415260416667 0.7699661669921875 0.6426299361979166
1 0.89009054296875 0.62569338671875 0.882641576171875 0.6308719401041667 0.872631185546875 0.7539096822916668 0.8955530908203125 0.7516305677083334 0.90841235546875 0.7606146354166667 0.9127771953125 0.7285605624999999 0.908935111328125 0.6620966197916667 0.8985379287109375 0.6391102408854167 0.8987940712890625 0.6273243216145833 0.89009054296875 0.62569338671875
1 0.8557782451171875 0.6705439882812501 0.8544504931640625 0.7018522955729166 0.8570955263671876 0.714181859375 0.8666302021484374 0.7172834205729166 0.870890490234375 0.70493294921875 0.8739850888671875 0.65686229296875 0.86031035546875 0.6556146940104167 0.8557782451171875 0.6705439882812501
1 0.682742673828125 0.7590881640624999 0.69974199609375 0.7662182682291667 0.720593873046875 0.76486613671875 0.7166942783203125 0.7457270859374999 0.7081109814453125 0.7335996432291667 0.6894493642578124 0.7235282864583333 0.6846297509765625 0.7318293072916666 0.682742673828125 0.7590881640624999
1 0.6952308271484375 0.6312552057291666 0.69290465625 0.6439681067708333 0.69570128125 0.6642153541666667 0.716297015625 0.6746491419270834 0.7265112470703124 0.6713036458333334 0.7295012939453125 0.6429365911458333 0.7232598486328125 0.6273033450520834 0.70778691015625 0.6244039049479166 0.6952308271484375 0.6312552057291666
1 0.686846162109375 0.6546667356770833 0.6491308740234375 0.6475993515625 0.646637431640625 0.64318747265625 0.641802138671875 0.6422813971354167 0.64196941015625 0.6594061770833334 0.650040421875 0.69510545703125 0.66110148046875 0.7024376835937499 0.664410390625 0.69911309375 0.6847186220703125 0.7029186080729167 0.6896271064453126 0.6657068880208333 0.686846162109375 0.6546667356770833
1 0.6528997666015625 0.7521810885416667 0.6617392060546875 0.7525226119791667 0.6506572578125 0.6518300169270833 0.64538287109375 0.636377984375 0.6451842392578125 0.6008390130208333 0.635738435546875 0.5688267526041667 0.626188080078125 0.5565180950520833 0.619010935546875 0.5591178255208333 0.617531591796875 0.5825084479166667 0.6219591513671875 0.5872827578125001 0.6399307412109375 0.6787473502604167 0.6442851103515626 0.7216394544270833 0.64844084765625 0.7289925872395834 0.6459630849609375 0.7337878033854167 0.6512217919921875 0.7400327395833334 0.6528997666015625 0.7521810885416667
1 0.6434121318359375 0.7767008151041667 0.6425653046875 0.7660230924479167 0.6168624541015625 0.7572620533854167 0.253112486328125 0.6904146341145833 0.2120882890625 0.68667183984375 0.2110009990234375 0.6969871328125 0.2068609423828125 0.6988410950520834 0.2085545966796875 0.7201965403645834 0.232323330078125 0.7285951497395833 0.6165174404296875 0.797958671875 0.627426908203125 0.7973732135416666 0.62960148828125 0.7767426276041666 0.6434121318359375 0.7767008151041667
1 0 0.6847309882812499 0.1032967939453125 0.7083617916666666 0.178168044921875 0.7184471106770833 0.1824440126953125 0.7153037356770833 0.1975092177734375 0.72207141015625 0.2064532080078125 0.7027093307291666 0.198957201171875 0.6802665950520833 0.130839681640625 0.6622426861979166 0.005953203125 0.6401553658854167 0 0.63934945703125 0 0.6847309882812499
1 0 0.5497190651041667 0.0023515810546875 0.5526984088541667 0.0123567109375 0.5887601184895833 0.0074011865234375 0.5983505520833333 0.0085198359375 0.6064494505208333 0.02331321875 0.6157959479166667 0.0944521455078125 0.6238669947916667 0.1007354228515625 0.5829682552083334 0.09973700390625 0.5643728489583334 0.09351123828125 0.5579466979166666 0.091681671875 0.5378806653645833 0.098675865234375 0.5089490585937501 0.0960308310546875 0.49661949479166667 0.08318724609375 0.4968425234375 0.071326400390625 0.50645386328125 0.060401251953125 0.49783222526041665 0.0569250712890625 0.48403203515625 0.0290319609375 0.48669448567708334 0 0.5296162434895834 0 0.5497190651041667
1 0.21780703125 0.5575703776041666 0.229971060546875 0.56379440625 0.248193583984375 0.5593198059895833 0.2565625693359375 0.5267011809895833 0.2502740830078125 0.4834466471354167 0.231628146484375 0.48258238541666665 0.21884728125 0.519633796875 0.21780703125 0.5575703776041666
1 0.4575434990234375 0.5472691158854167 0.461260142578125 0.5400762916666667 0.4631315400390625 0.5036103385416667 0.42181983984375 0.4932392708333333 0.41947798828125 0.49674507552083336 0.4170629462890625 0.53836867578125 0.4575434990234375 0.5472691158854167
1 0.331883384765625 0.4763862786458333 0.3274715048828125 0.48081906510416667 0.3250251025390625 0.50402847265625 0.328909017578125 0.5139604283854167 0.3709316337890625 0.53629862890625 0.378364919921875 0.52191298046875 0.3812190556640625 0.49483533854166667 0.3776069638671875 0.4823245598958333 0.331883384765625 0.4763862786458333
1 0.950461123046875 0.71721375390625 0.9427925830078125 0.83674569140625 0.9669847294921875 0.8504831614583334 0.9860123017578125 0.6699655455729167 0.9742560068359375 0.65987328125 0.9654322470703125 0.6687388541666667 0.957831689453125 0.6659997226562501 0.950461123046875 0.71721375390625