1 1 0.5050815755208333 0.997926521484375 0.47954894140625 0.98935394140625 0.48536344921874996 0.9794483720703125 0.4821440104166667 0.97693157421875 0.4927508385416666 0.968256775390625 0.4959647486979167 0.9817013291015625 0.5145833359374999 1 0.52522494140625 1 0.5050815755208333
1 0.8589681201171875 0.57661825 0.853474541015625 0.5861292161458334 0.8507491591796875 0.6163086731770834 0.8606505810546875 0.6443019361979166 0.8869816337890625 0.6424620013020833 0.8852991728515625 0.5747783138020833 0.880278017578125 0.5216704973958334 0.8749419130859375 0.5103085364583334 0.859287216796875 0.5100985690104166 0.85102129296875 0.5237148697916666 0.8589681201171875 0.57661825
1 0.781004859375 0.5289751028645834 0.7900891171875 0.5657848671875 0.7881303759765625 0.6154688072916666 0.7917715791015625 0.6334685546875 0.7988536943359374 0.6394930286458334 0.7992114599609375 0.6485951210937501 0.787249076171875 0.6676852005208334 0.7814488408203125 0.6693943736979167 0.783344033203125 0.6927316080729167 0.8155775390625 0.6917830950520832 0.8407289296875 0.684810109375 0.8373474208984375 0.6485380325520833 0.8250825283203125 0.6350524947916667 0.8249374931640625 0.58160394921875 0.8302777451171875 0.5681920859375 0.82602323046875 0.5345887526041667 0.8312612626953125 0.5185762916666666 0.81719925 0.5091279414062501 0.7948202041015625 0.51199559375 0.787840306640625 0.5085717174479166 0.783270841796875 0.5167142395833334 0.781004859375 0.5289751028645834
1 0.70863856640625 0.5336641536458333 0.6605459267578125 0.52920150390625 0.6345215302734375 0.5388432330729166 0.6255400751953125 0.5342553489583334 0.5972074658203125 0.53493127734375 0.5895078916015625 0.5380770416666667 0.58529619140625 0.55532165625 0.5206164482421874 0.6015651328125 0.505575064453125 0.6169587526041667 0.4928930029296875 0.6426184726562499 0.491040626953125 0.6701291861979167 0.5035610654296875 0.6901162187500001 0.5504229345703125 0.6881455208333334 0.556529826171875 0.6942381393229167 0.56022628515625 0.6887643619791667 0.57372194921875 0.7086832486979167 0.5910204365234375 0.7009551302083333 0.59897555859375 0.7043108606770834 0.6084722529296875 0.6971279075520833 0.6082167060546875 0.6906264140624999 0.619510521484375 0.6794062734374999 0.63306144140625 0.6758516354166666 0.633474462890625 0.6614802018229167 0.6511818251953125 0.6641544739583333 0.6733564345703125 0.6560856263020833 0.69629768359375 0.6675212630208334 0.7145713955078125 0.6597249986979167 0.7236550693359375 0.6669134804687501 0.7390542177734375 0.6606219518229167 0.747269033203125 0.6457053528645833 0.7740600693359375 0.6555681067708333 0.7953616728515625 0.6501680026041666 0.7981851259765625 0.6473629674479167 0.79680102734375 0.63702872265625 0.772837591796875 0.5995871093749999 0.7458421181640625 0.58452316015625 0.7386619306640625 0.5511242630208334 0.7314264873046875 0.5411988932291667 0.70863856640625 0.5336641536458333
1 0.436759611328125 0.5331041966145833 0.386507939453125 0.5483504661458333 0.3823984580078125 0.5681956783854166 0.392350990234375 0.5974892408854167 0.3950211162109375 0.5907833085937501 0.4009746796875 0.5929750325520834 0.40938978515625 0.6080334518229167 0.4066685498046875 0.6134390846354166 0.411749107421875 0.6182995520833333 0.412157982421875 0.6287019427083334 0.4010686044921875 0.6451232786458333 0.4057361416015625 0.6643551783854167 0.427855494140625 0.6797598567708333 0.4416108505859375 0.6814064140624999 0.4667622412109375 0.6744334283854166 0.482574412109375 0.6537704674479167 0.486632783203125 0.6326249557291667 0.4820674658203125 0.6159936536458334 0.4876163017578125 0.5830091614583334 0.5000897783203125 0.5769220703125 0.521646927734375 0.5780234609375 0.51908316796875 0.5625561666666666 0.4926029345703125 0.5357213815104166 0.4681712216796875 0.5361247265625 0.4472273828125 0.5506269231770834 0.4412227099609375 0.5471349010416667 0.436759611328125 0.5331041966145833
1 0.4958062353515625 0.7167355078125 0.4841588017578125 0.6940797317708333 0.42769801953125 0.7006327851562499 0.41815021484375 0.7065154374999999 0.422562205078125 0.71924584375 0.41876352734375 0.7221190247395833 0.4958062353515625 0.7167355078125
1 0.2210181953125 0.6172846901041666 0.2217378720703125 0.61071505078125 0.1963820439453125 0.6124868411458334 0.1861145625 0.6249391341145834 0.186778984375 0.64184301953125 0.190266859375 0.6559418697916667 0.1994527509765625 0.66573094921875 0.2500621884765625 0.6595867708333333 0.2595588837890625 0.6524038190104167 0.258434478515625 0.6237972434895833 0.25725481640625 0.6186641940104166 0.2506326845703125 0.6243424088541667 0.24447468359375 0.6169494908854166 0.236979546875 0.6252964505208333 0.2210181953125 0.6172846901041666
1 0.0738532724609375 0.6797229492187501 0.07610623046875 0.7121622760416666 0.0895038212890625 0.7047067395833334 0.1121895234375 0.7096408815104166 0.1102598095703125 0.58590805078125 0.1031776943359375 0.5798835768229167 0.0944006767578125 0.5804968893229167 0.0938854365234375 0.5922677252604166 0.082025271484375 0.61395840234375 0.0738532724609375 0.6797229492187501
1 0.1337038583984375 0.6598943242187499 0.1344276826171875 0.6285508606770833 0.1308886982421875 0.6131517109375 0.1171844501953125 0.612805453125 0.1171250478515625 0.6610528033854167 0.1205618134765625 0.6738513541666666 0.1302629453125 0.67186959765625 0.1337038583984375 0.6598943242187499
1 0.283616244140625 0.7419936783854166 0.301016951171875 0.7368661575520834 0.30091887890625 0.7094917356770832 0.296660216796875 0.7006622265625001 0.2774112802734375 0.70852663671875 0.2680679140625 0.7196104856770833 0.262932099609375 0.7382235442708334 0.283616244140625 0.7419936783854166
1 0.273109802734375 0.6488491796875 0.2943091875 0.6408484778645833 0.2984186689453125 0.6210032669270833 0.2969323505859375 0.6080684231770833 0.2848718955078125 0.5997840807291667 0.2692683095703125 0.6008744127604166 0.26202871875 0.6157228671875 0.2631531240234375 0.6443294427083334 0.273109802734375 0.6488491796875
1 0.323199853515625 0.6792496614583333 0.326278853515625 0.68294612109375 0.3377771064453125 0.6769271757812501 0.348150953125 0.64230165625 0.34943698046875 0.6252614791666666 0.344560859375 0.6256022083333334 0.341788515625 0.6297075416666666 0.3037547734375 0.6323652278645834 0.3002627509765625 0.6430402018229167 0.302720146484375 0.68068072265625 0.323199853515625 0.6792496614583333
1 0.3399913955078125 0.63374473046875 0.3223696630859375 0.7327663528645832 0.3311977900390625 0.7334533398437499 0.333663478515625 0.7215462122395833 0.33931038671875 0.7159361419270834 0.3371555009765625 0.71087123828125 0.3417760751953125 0.7040290156250001 0.34891759375 0.6618061393229167 0.372799544921875 0.5727780325520834 0.377522337890625 0.5685364075520833 0.37757759375 0.5450628815104167 0.3705976962890625 0.5416390065104166 0.36027910546875 0.552791 0.3487767060546875 0.58358376953125 0.34625576171875 0.618964421875 0.3399913955078125 0.63374473046875
1 0.3528019033203125 0.7606288541666667 0.35361965234375 0.7814336354166667 0.3644493369140625 0.7832846302083333 0.751715544921875 0.7588313541666666 0.7759428203125 0.7532268138020833 0.7790259677734375 0.7321494479166667 0.7750228525390624 0.7298214335937501 0.7746139775390625 0.71941904296875 0.7335012353515625 0.7183802682291667 0.36676584375 0.7427027812500001 0.3405881201171875 0.7484436145833334 0.3390465458984375 0.7589822968750001 0.3528019033203125 0.7606288541666667
1 1 0.6967186731770832 0.983005291015625 0.6970340533854166 0.857150265625 0.7045245598958334 0.7881137880859375 0.7145641054687499 0.7791792958984375 0.7360503450520833 0.7868236142578126 0.7563781067708333 0.802273873046875 0.7513868776041667 0.80632809765625 0.7550151914062501 0.881573685546875 0.7536688632812499 1 0.74058790625 1 0.6967186731770832
1 0.9154330498046875 0.5452913723958334 0.9026529169921875 0.5435766692708334 0.89921200390625 0.5555519427083333 0.9042884150390625 0.5851862330729166 0.9011541591796876 0.6049632994791666 0.89453202734375 0.610641515625 0.8923218857421875 0.62905013671875 0.89590783203125 0.67052341015625 0.9673036328125 0.6707499635416667 0.9826516728515625 0.66315813671875 0.98429546484375 0.6552200520833333 0.979985693359375 0.6450902434895833 0.9923099892578126 0.6103284322916667 0.99888101171875 0.6033499179687499 0.9963172509765625 0.5878826223958333 0.9700456025390625 0.5414752083333333 0.942432669921875 0.5355814973958334 0.938067642578125 0.54892521484375 0.9266204990234375 0.5562444583333334 0.9154330498046875 0.5452913723958334
1 0.764831361328125 0.5949310794270833 0.777355947265625 0.5901442877604167 0.77879944921875 0.55223118359375 0.7684891513671875 0.5138355286458333 0.749857673828125 0.5125297005208334 0.74076570703125 0.5548888684895833 0.7469706708984375 0.58835591015625 0.764831361328125 0.5949310794270833
1 0.5801134150390626 0.5478605911458333 0.5804283642578125 0.5061147356770833 0.5783245888671875 0.5023501315104166 0.53649216796875 0.5078809973958334 0.53597278125 0.5444256575520833 0.539205109375 0.5520230130208333 0.5801134150390626 0.5478605911458333
1 0.669527380859375 0.53378938671875 0.674045736328125 0.52434656640625 0.6731257685546875 0.5009411861979166 0.6690204345703125 0.49601257421875 0.6230826806640625 0.496614828125 0.6186665439453125 0.50865824609375 0.61973983984375 0.5359645221354167 0.6262044970703124 0.551159234375 0.669527380859375 0.53378938671875
1 0.0368803857421875 0.7840083841145833 0.0370544482421875 0.6640401588541667 0.033059626953125 0.61216449609375 0.0253089423828125 0.6140099609374999 0.0170982744140625 0.6041527356770834 0.0047270166015625 0.6128404244791666 0.0118823232421875 0.7948822669270833 0.0368803857421875 0.7840083841145833