1 0.01953125 0.5481770833333334 0.0322265625 0.5286458333333334 0.0234375 0.5260416666666666 0.0205078125 0.515625 0.0107421875 0.51953125 0.001953125 0.5143229166666666 0 0.5611979166666666 0.01953125 0.5481770833333334
1 0.1455078125 0.6692708333333334 0.154296875 0.640625 0.150390625 0.6106770833333334 0.14453125 0.6015625 0.150390625 0.5481770833333334 0.1416015625 0.53515625 0.1259765625 0.5364583333333334 0.12109375 0.5481770833333334 0.1181640625 0.6015625 0.119140625 0.6692708333333334 0.1455078125 0.6692708333333334
1 0.1728515625 0.5911458333333334 0.1787109375 0.6041666666666666 0.1806640625 0.6575520833333334 0.1689453125 0.671875 0.1669921875 0.7083333333333334 0.1923828125 0.7135416666666666 0.224609375 0.7122395833333334 0.2255859375 0.6888020833333334 0.2197265625 0.6875 0.20703125 0.6692708333333334 0.20703125 0.66015625 0.2138671875 0.6536458333333334 0.216796875 0.6354166666666666 0.212890625 0.5859375 0.220517578125 0.5485442708333333 0.2177734375 0.5364583333333334 0.212890625 0.5286458333333334 0.2060546875 0.5325520833333334 0.18359375 0.53125 0.169921875 0.5416666666666666 0.17578125 0.5572916666666666 0.1728515625 0.5911458333333334
1 0.2109375 0.6705729166666666 0.232421875 0.6744791666666666 0.2587890625 0.6627604166666666 0.267578125 0.6770833333333334 0.283203125 0.6822916666666666 0.2919921875 0.6744791666666666 0.310546875 0.6809895833333334 0.3330078125 0.66796875 0.35546875 0.6744791666666666 0.373046875 0.6705729166666666 0.3740234375 0.6848958333333334 0.3876953125 0.6875 0.3994140625 0.6979166666666666 0.3994140625 0.7044270833333334 0.4091796875 0.7109375 0.4169921875 0.70703125 0.4345703125 0.7135416666666666 0.447265625 0.6927083333333334 0.451171875 0.6979166666666666 0.45703125 0.69140625 0.50390625 0.6901041666666666 0.515625 0.6692708333333334 0.5126953125 0.6419270833333334 0.4990234375 0.6171875 0.4833984375 0.6028645833333334 0.4169921875 0.5611979166666666 0.412109375 0.5442708333333334 0.404296875 0.5416666666666666 0.3759765625 0.54296875 0.3671875 0.5481770833333334 0.3408203125 0.5403645833333334 0.29296875 0.5481770833333334 0.2705078125 0.5572916666666666 0.263671875 0.5677083333333334 0.2578125 0.6015625 0.2314453125 0.6184895833333334 0.208984375 0.6575520833333334 0.2080078125 0.66796875 0.2109375 0.6705729166666666
1 0.5029296875 0.5768229166666666 0.515625 0.58203125 0.5224609375 0.6145833333333334 0.5185546875 0.6315104166666666 0.5234375 0.65234375 0.5400390625 0.671875 0.5654296875 0.6770833333333334 0.5791015625 0.6744791666666666 0.6005859375 0.6575520833333334 0.6044921875 0.6380208333333334 0.5927734375 0.6223958333333334 0.5927734375 0.6119791666666666 0.59765625 0.6067708333333334 0.5947265625 0.6015625 0.6025390625 0.5859375 0.6083984375 0.5833333333333334 0.611328125 0.58984375 0.6201171875 0.5598958333333334 0.615234375 0.5403645833333334 0.564453125 0.5286458333333334 0.560546875 0.54296875 0.5546875 0.546875 0.533203125 0.5338541666666666 0.5087890625 0.53515625 0.4833984375 0.5638020833333334 0.4814453125 0.5794270833333334 0.5029296875 0.5768229166666666
1 0.58984375 0.7161458333333334 0.5859375 0.7135416666666666 0.58984375 0.7005208333333334 0.580078125 0.6953125 0.5234375 0.6927083333333334 0.5126953125 0.7161458333333334 0.58984375 0.7161458333333334
1 0.755859375 0.6419270833333334 0.806640625 0.64453125 0.8154296875 0.6341145833333334 0.818359375 0.6197916666666666 0.818359375 0.6028645833333334 0.8076171875 0.5911458333333334 0.7822265625 0.5911458333333334 0.783203125 0.59765625 0.767578125 0.6067708333333334 0.759765625 0.5989583333333334 0.75390625 0.6067708333333334 0.7470703125 0.6015625 0.74609375 0.6067708333333334 0.74609375 0.6354166666666666 0.755859375 0.6419270833333334
1 0.91796875 0.67578125 0.931640625 0.6822916666666666 0.9326171875 0.6497395833333334 0.921875 0.5846354166666666 0.9091796875 0.5638020833333334 0.908203125 0.5520833333333334 0.8994140625 0.5520833333333334 0.892578125 0.55859375 0.8955078125 0.6822916666666666 0.91796875 0.67578125
1 0.8720703125 0.6341145833333334 0.8759765625 0.6458333333333334 0.8857421875 0.6471354166666666 0.888671875 0.6341145833333334 0.88671875 0.5859375 0.873046875 0.5872395833333334 0.8701171875 0.6028645833333334 0.8720703125 0.6341145833333334
1 0.7255859375 0.7265625 0.74609375 0.7213541666666666 0.740234375 0.703125 0.73046875 0.6927083333333334 0.7109375 0.6861979166666666 0.70703125 0.6953125 0.7080078125 0.72265625 0.7255859375 0.7265625
1 0.7109375 0.6263020833333334 0.732421875 0.6328125 0.7421875 0.6276041666666666 0.7421875 0.5989583333333334 0.734375 0.5846354166666666 0.71875 0.5846354166666666 0.70703125 0.59375 0.7060546875 0.6067708333333334 0.7109375 0.6263020833333334
1 0.6572265625 0.6315104166666666 0.6689453125 0.6653645833333334 0.6806640625 0.6705729166666666 0.68359375 0.6666666666666666 0.7041015625 0.6666666666666666 0.705078125 0.62890625 0.701171875 0.6184895833333334 0.6630859375 0.6184895833333334 0.66015625 0.6145833333333334 0.6552734375 0.6145833333333334 0.6572265625 0.6315104166666666
1 0.6298828125 0.5638020833333334 0.6572265625 0.6510416666666666 0.666015625 0.6927083333333334 0.6708984375 0.69921875 0.6689453125 0.7044270833333334 0.6748046875 0.7096354166666666 0.677734375 0.7213541666666666 0.6865234375 0.7200520833333334 0.6650390625 0.6223958333333334 0.658203125 0.6080729166666666 0.654296875 0.5729166666666666 0.6416015625 0.54296875 0.630859375 0.5325520833333334 0.6240234375 0.5364583333333334 0.625 0.5598958333333334 0.6298828125 0.5638020833333334
1 0.23046875 0.7513020833333334 0.234375 0.7721354166666666 0.2587890625 0.7760416666666666 0.646484375 0.7734375 0.6572265625 0.7708333333333334 0.6572265625 0.75 0.6708984375 0.7473958333333334 0.6689453125 0.7369791666666666 0.642578125 0.7330729166666666 0.275390625 0.734375 0.234375 0.73828125 0.234375 0.7486979166666666 0.23046875 0.7513020833333334
1 0 0.7747395833333334 0.12890625 0.7799479166666666 0.2041015625 0.7760416666666666 0.2080078125 0.7721354166666666 0.2236328125 0.7760416666666666 0.23046875 0.7552083333333334 0.220703125 0.734375 0.1513671875 0.7291666666666666 0.025390625 0.73046875 0 0.7317708333333334 0 0.7747395833333334
1 0.0126953125 0.64453125 0.0263671875 0.6783854166666666 0.0224609375 0.6888020833333334 0.0244140625 0.6966145833333334 0.0400390625 0.703125 0.111328125 0.6979166666666666 0.11328125 0.65625 0.1103515625 0.6380208333333334 0.103515625 0.6328125 0.099609375 0.61328125 0.103515625 0.5833333333333334 0.099609375 0.5716145833333334 0.0869140625 0.57421875 0.076171875 0.5859375 0.064453125 0.5794270833333334 0.0595703125 0.56640625 0.0322265625 0.57421875 0.0078125 0.6223958333333334 0.005859375 0.6380208333333334 0.0126953125 0.64453125
1 0.2392578125 0.61328125 0.2568359375 0.60546875 0.26171875 0.5716145833333334 0.2509765625 0.5299479166666666 0.232421875 0.5325520833333334 0.2236328125 0.5716145833333334 0.2265625 0.609375 0.2392578125 0.61328125
1 0.462890625 0.5546875 0.4658203125 0.546875 0.4638671875 0.5104166666666666 0.421875 0.5078125 0.419921875 0.51171875 0.421875 0.5533854166666666 0.462890625 0.5546875
1 0.3271484375 0.5364583333333334 0.33203125 0.5455729166666666 0.3759765625 0.5598958333333334 0.3818359375 0.5442708333333334 0.3818359375 0.5169270833333334 0.376953125 0.5052083333333334 0.3310546875 0.5078125 0.3271484375 0.5130208333333334 0.3271484375 0.5364583333333334
1 0.9736328125 0.7513020833333334 0.9990234375 0.7604166666666666 0.9990234375 0.578125 0.986328125 0.5703125 0.978515625 0.5807291666666666 0.970703125 0.5794270833333334 0.96875 0.6315104166666666 0.9736328125 0.7513020833333334