1 0.7736666666666666 0.6123876123876124 0.042666666666666665 0.15484515484515485
1 0.6403333333333333 0.6438561438561439 0.07 0.12487512487512488
1 0.5403333333333333 0.7577422577422578 0.16333333333333333 0.2137862137862138
1 0.5276666666666666 0.6073926073926074 0.12066666666666667 0.11688311688311688
1 0.416 0.6618381618381618 0.08066666666666666 0.07292707292707293
1 0.438 0.8276723276723277 0.058666666666666666 0.07792207792207792
1 0.3536666666666667 0.8021978021978022 0.10533333333333333 0.060939060939060936
1 0.2683333333333333 0.7997002997002997 0.06466666666666666 0.06793206793206794
1 0.23733333333333334 0.7277722277722277 0.07266666666666667 0.054945054945054944
1 0.25166666666666665 0.6563436563436563 0.054 0.07592407592407592
1 0.11533333333333333 0.6538461538461539 0.044 0.04895104895104895
1 0.179 0.7282717282717283 0.036 0.06293706293706294
1 0.07633333333333334 0.7522477522477522 0.15266666666666667 0.0999000999000999
1 0.394 0.7402597402597403 0.04066666666666666 0.04695304695304695
1 0.442 0.7287712287712288 0.034666666666666665 0.04395604395604396
1 0.716 0.7392607392607392 0.17066666666666666 0.059940059940059943
1 0.7373333333333333 0.7817182817182817 0.09266666666666666 0.05194805194805195
1 0.8376666666666667 0.7817182817182817 0.08466666666666667 0.07392607392607392
1 0.8236666666666667 0.7297702297702298 0.04133333333333333 0.03896103896103896
1 0.8676666666666667 0.6668331668331668 0.042666666666666665 0.04195804195804196
1 0.9366666666666666 0.7097902097902098 0.014666666666666666 0.06293706293706294