1 0.22518666666666665 0.6054345654345654 0.04085333333333332 0.15382617382617383
1 0.35802666666666666 0.6399200799200798 0.06844000000000001 0.12289710289710287
1 0.45658 0.7564335664335665 0.16078666666666672 0.20942057942057954
1 0.47102666666666665 0.6066233766233766 0.11919999999999997 0.11339660339660339
1 0.5819666666666667 0.663936063936064 0.08012666666666671 0.07103896103896094
1 0.55832 0.8294605394605394 0.05760000000000006 0.07668331668331667
1 0.6427533333333334 0.8061538461538462 0.10455333333333336 0.058621378621378686
1 0.7283000000000001 0.805914085914086 0.06421999999999996 0.06671328671328669
1 0.7598866666666666 0.7348151848151848 0.07215333333333335 0.052947052947052944
1 0.7465533333333333 0.662987012987013 0.05310666666666657 0.07484515484515492
1 0.8827266666666667 0.663946053946054 0.043553333333333284 0.048211788211788204
1 0.8184533333333334 0.7367132867132867 0.035 0.06245754245754244
1 0.92238 0.7635864135864137 0.15524000000000007 0.09621378621378616
1 0.60308 0.7428971028971029 0.040446666666666714 0.04628371628371621
1 0.5553066666666667 0.73005994005994 0.03442666666666673 0.043436563436563456
1 0.28120666666666666 0.7333866133866134 0.17003333333333337 0.0557942057942057
1 0.25930666666666663 0.7757142857142857 0.0919533333333333 0.049120879120879195
1 0.15916 0.7728571428571428 0.08403999999999998 0.07194805194805193
1 0.17376666666666665 0.7214985014985015 0.040866666666666655 0.03773226773226771
1 0.1306 0.6572827172827174 0.042146666666666645 0.0406093906093907
1 0.060926666666666664 0.6984215784215784 0.013913333333333337 0.06294705294705294