1 0.23766666666666666 0.6618381618381618 0.05466666666666667 0.16083916083916083
1 0.37233333333333335 0.6683316683316683 0.07933333333333334 0.13586413586413587
1 0.4806666666666667 0.7632367632367633 0.17866666666666667 0.24075924075924077
1 0.48133333333333334 0.6113886113886113 0.12866666666666668 0.13686313686313686
1 0.5963333333333334 0.6453546453546454 0.086 0.08691308691308691
1 0.5883333333333334 0.8141858141858141 0.064 0.08791208791208792
1 0.6696666666666666 0.7732267732267732 0.10866666666666666 0.07992007992007992
1 0.7543333333333333 0.7552447552447552 0.07 0.07992007992007992
1 0.779 0.6783216783216783 0.07666666666666666 0.06793206793206794
1 0.7593333333333333 0.6098901098901099 0.059333333333333335 0.08491508491508491
1 0.8943333333333333 0.5824175824175825 0.04733333333333333 0.056943056943056944
1 0.8373333333333334 0.6678321678321678 0.04066666666666666 0.06893106893106893
1 0.9306666666666666 0.6723276723276723 0.13866666666666666 0.12787212787212787
1 0.6246666666666667 0.7192807192807192 0.04466666666666667 0.053946053946053944
1 0.576 0.7162837162837162 0.038 0.04995004995004995
1 0.305 0.7767232767232767 0.17333333333333334 0.09090909090909091
1 0.28733333333333333 0.8231768231768232 0.09533333333333334 0.06793206793206794
1 0.18766666666666668 0.8411588411588412 0.09 0.08891108891108891
1 0.19766666666666666 0.7872127872127872 0.044 0.04595404595404595
1 0.14866666666666667 0.7327672327672328 0.04533333333333334 0.04895104895104895
1 0.08366666666666667 0.7882117882117882 0.019333333333333334 0.06493506493506493