1 0.636962890625 0.28637770897832815 0.2685546875 0.19814241486068113
1 0.280029296875 0.35642414860681115 0.25537109375 0.16718266253869968
1 0.071044921875 0.31037151702786375 0.14208984375 0.10990712074303406
1 0.242431640625 0.07469040247678019 0.13916015625 0.10603715170278638
1 0.232421875 0.18111455108359134 0.140625 0.14009287925696595
1 0.5478515625 0.09752321981424149 0.4091796875 0.19504643962848298
1 0.9482421875 0.29876160990712075 0.08984375 0.06346749226006192
1 0.849853515625 0.35526315789473684 0.1376953125 0.10061919504643962
1 0.5791015625 0.6547987616099071 0.62451171875 0.5325077399380805
1 0.208251953125 0.6737616099071208 0.2158203125 0.4117647058823529
1 0.03466796875 0.7561919504643962 0.046875 0.09055727554179567
1 0.0234375 0.5890092879256966 0.0458984375 0.10603715170278638