1 0.6416015625 0.29411764705882354 0.265625 0.18421052631578946
1 0.283203125 0.34404024767801855 0.25244140625 0.1540247678018576
1 0.07275390625 0.28637770897832815 0.1455078125 0.1021671826625387
1 0.251953125 0.060758513931888546 0.13720703125 0.09829721362229102
1 0.239501953125 0.16640866873065016 0.13818359375 0.13312693498452013
1 0.556884765625 0.0936532507739938 0.40625 0.1873065015479876
1 0.952392578125 0.3235294117647059 0.0888671875 0.058823529411764705
1 0.852783203125 0.375 0.1357421875 0.0936532507739938
1 0.57568359375 0.6590557275541795 0.615234375 0.5
1 0.20458984375 0.6575077399380805 0.20751953125 0.40170278637770895
1 0.029541015625 0.7302631578947368 0.044921875 0.08823529411764706
1 0.021728515625 0.5619195046439629 0.04345703125 0.10371517027863777