1 0.353935546875 0.3019891640866873 0.26191406249999993 0.16967492260061923
1 0.7131884765625 0.3322987616099071 0.2496191406249999 0.13999999999999999
1 0.9252099609375 0.2626547987616099 0.14957519531249996 0.09359907120743038
1 0.7382861328125 0.04726780185758514 0.13542480468749996 0.09109907120743034
1 0.7529296875 0.1521671826625387 0.13541992187500007 0.1254566563467492
1 0.4342138671875 0.09713622291021672 0.4029345703125 0.1650232198142415
1 0.0439453125 0.34864551083591333 0.087890625 0.05400928792569657
1 0.1445703125 0.39442724458204337 0.1340380859375 0.08623839009287927
1 0.4279638671875 0.6633049535603716 0.6052783203125001 0.46660990712074313
1 0.7986328125 0.640952012383901 0.19915039062500006 0.39095201238390087
1 0.9753515625 0.7039628482972136 0.04314453125000006 0.0861222910216718
1 0.979248046875 0.5359907120743034 0.04150390625 0.10139318885448917