1 0.5890625 0.515625 0.26458333333333334 0.1140625
1 0.6114583333333333 0.63125 0.23020833333333332 0.1328125
1 0.79375 0.55625 0.10208333333333333 0.0953125
1 0.9151041666666667 0.55 0.13229166666666667 0.115625
1 0.9078125 0.6265625 0.08229166666666667 0.0640625
1 0.9838541666666667 0.6046875 0.029166666666666667 0.0859375
1 0.44895833333333335 0.571875 0.036458333333333336 0.0546875
1 0.38125 0.50625 0.07083333333333333 0.1046875
1 0.31197916666666664 0.4171875 0.027083333333333334 0.0453125
1 0.34010416666666665 0.42265625 0.027083333333333334 0.0515625
1 0.38958333333333334 0.42890625 0.019791666666666666 0.0359375
1 0.4083333333333333 0.43359375 0.022916666666666665 0.0328125
1 0.42864583333333334 0.434375 0.026041666666666668 0.0203125