1 0.4109375 0.515625 0.26458333333333334 0.1140625
1 0.3885416666666667 0.63125 0.23020833333333332 0.1328125
1 0.20625 0.55625 0.10208333333333333 0.0953125
1 0.08489583333333334 0.55 0.13229166666666667 0.115625
1 0.0921875 0.6265625 0.08229166666666667 0.0640625
1 0.016145833333333335 0.6046875 0.029166666666666667 0.0859375
1 0.5510416666666667 0.571875 0.036458333333333336 0.0546875
1 0.61875 0.50625 0.07083333333333333 0.1046875
1 0.6880208333333333 0.4171875 0.027083333333333334 0.0453125
1 0.6598958333333333 0.42265625 0.027083333333333334 0.0515625
1 0.6104166666666667 0.42890625 0.019791666666666666 0.0359375
1 0.5916666666666667 0.43359375 0.022916666666666665 0.0328125
1 0.5713541666666667 0.434375 0.026041666666666668 0.0203125