1 0.5898541666666667 0.503890625 0.26115625000000003 0.08071874999999995
1 0.6184270833333334 0.616328125 0.2254791666666667 0.10385937500000005
1 0.79596875 0.517859375 0.09761458333333337 0.08307812499999993
1 0.91653125 0.495140625 0.12662499999999993 0.10012500000000006
1 0.9136875 0.572546875 0.0792812499999999 0.05323437500000008
1 0.9880208333333333 0.54140625 0.023958333333333335 0.0828125
1 0.4532083333333333 0.578453125 0.033312500000000016 0.05085937499999993
1 0.38204166666666667 0.52165625 0.06545833333333337 0.09632812499999996
1 0.30786458333333333 0.442359375 0.02482291666666671 0.04285937499999992
1 0.33627083333333335 0.443546875 0.024812500000000053 0.04807812499999997
1 0.3858229166666666 0.44331250000000005 0.01786458333333331 0.03339062500000001
1 0.4047604166666667 0.44590625 0.021645833333333305 0.030078125
1 0.4249583333333333 0.44378124999999996 0.02507291666666672 0.016781250000000015