1 0.45809681507537686 0.02494585081374322 0.40547036281407034 0.03368074412296564 0.39464980753768847 0.04612185533453888 0.3940487557788945 0.06696795660036166 0.39915850753768845 0.071170452079566 0.4618817010050251 0.06451528933092224 0.47840190150753764 0.060763159132007236 0.4823494030150754 0.056896288426763114 0.4800775155778894 0.04346838155515371 0.47384058944723617 0.03300373779385172 0.45809681507537686 0.02494585081374322
1 0.44472361809045224 0.12251356238698011 0.09095477386934674 0.04792043399638336
1 0.46750163819095475 0.17272740777576856 0.46391604321608043 0.16933385714285715 0.41321072964824124 0.17342449005424956 0.4067521959798995 0.1774491347197107 0.4043463879396985 0.18302855786618444 0.40568401256281406 0.20013400723327304 0.40028250351758793 0.2068063670886076 0.4089077 0.21078797920433998 0.46312845879396985 0.20647646292947558 0.47363971959798995 0.20400659764918624 0.477569683919598 0.1992361184448463 0.47235470753768843 0.18961197377938518 0.46750163819095475 0.17272740777576856
1 0.47219209145728647 0.23304828390596743 0.4661305391959799 0.23161972332730563 0.41345147487437184 0.2376437920433996 0.4029752894472362 0.2419208734177215 0.3990803994974874 0.24849856962025318 0.3989815542713568 0.269313116636528 0.402602224120603 0.27451388336347193 0.4678715246231156 0.269508164556962 0.4808236673366834 0.2632660922242315 0.48272726884422107 0.2577182233273056 0.4815650190954774 0.24964885714285712 0.47434121708542715 0.24015093128390594 0.47219209145728647 0.23304828390596743
1 0.41210429246231156 0.3236759122965642 0.401838556281407 0.338796294755877 0.40256874924623115 0.35051164828209763 0.4062244939698493 0.3575196320072333 0.42084109296482414 0.3593153707052441 0.4563749889447236 0.3507497287522604 0.46023480351758794 0.3423648164556962 0.4585001974874372 0.33071257233273055 0.4502193703517588 0.3185669303797468 0.41210429246231156 0.3236759122965642
1 0.48760585477386936 0.3795475759493671 0.4163802266331658 0.38854638517179024 0.4049873150753769 0.3974046184448463 0.4021319135678392 0.4057264213381555 0.40208568040201004 0.4292517929475588 0.4138118030150754 0.4375621184448463 0.4860418442211055 0.4285001998191682 0.49544346683417084 0.42067179385171793 0.49864323819095474 0.40418596112115734 0.4963187386934674 0.3880472296564195 0.4921607874371859 0.38107080018083184 0.48760585477386936 0.3795475759493671
1 0.48945844371859293 0.44909386347197106 0.41469983316582915 0.45740994755877035 0.40283978994974873 0.468106952079566 0.4028286316582914 0.49343953978300187 0.4039558070351759 0.4997016889692586 0.4080260708542714 0.5021600768535263 0.49128711608040204 0.49150034629294753 0.4977105753768844 0.48566848553345393 0.49985332110552766 0.4665349367088608 0.49555507085427136 0.4523296410488246 0.48945844371859293 0.44909386347197106
1 0.5035409618090452 0.6047239032549729 0.48822924422110553 0.593020028028933 0.4134530964824121 0.6004325027124774 0.40607783668341707 0.6090382983725136 0.40590884120603016 0.6262384113924051 0.41372253718592966 0.6402228245931284 0.41818978291457287 0.6372280072332731 0.4252732854271357 0.6394970669077759 0.4935558246231156 0.6343020189873418 0.5044816040201006 0.6272825578661844 0.5063325929648241 0.6190238634719711 0.5035409618090452 0.6047239032549729
1 0.49405005175879396 0.5302292866184448 0.4834511040201005 0.5281811103074141 0.4197410351758794 0.5358029900542496 0.4113613623115578 0.5444718951175407 0.40805636633165826 0.5555360777576853 0.40500805276381907 0.5539181898734177 0.4052009648241206 0.5638578815551537 0.40279515728643217 0.5694373047016275 0.4045122256281407 0.5801859412296564 0.49539405477386933 0.5735709321880651 0.49887442512562813 0.5715428327305605 0.5021969582914573 0.5613822576853527 0.4996970844221105 0.5362074430379747 0.49405005175879396 0.5302292866184448
1 0.48409043065326635 0.6647521889692586 0.4193584115577889 0.6715335696202532 0.4113932582914573 0.6756528779385171 0.40948965728643216 0.681200746835443 0.41050044924623114 0.7073738345388788 0.415645275879397 0.7133835461121157 0.42269370351758795 0.7138453887884268 0.498994008040201 0.7072418571428571 0.5053999301507538 0.7005063878842677 0.5076128256281407 0.6849872730560579 0.5052883261306532 0.6688485415913201 0.48409043065326635 0.6647521889692586
1 0.476383559798995 0.7339944068716094 0.4346828874371859 0.7357098390596745 0.41276117839195975 0.7461343291139241 0.411710532160804 0.7697228101265823 0.4134276010050251 0.780471445750452 0.4164759145728643 0.7820893345388789 0.4902476497487437 0.7747399683544304 0.4971733150753769 0.7688765533453888 0.49907691658291453 0.7633286844484629 0.4987787798994975 0.747967342676311 0.476383559798995 0.7339944068716094
1 0.4959951281407035 0.8377085605786618 0.496216735678392 0.8232192721518987 0.48854333919597986 0.816463726039783 0.48793590854271357 0.8110736311030741 0.481821743718593 0.8069342450271249 0.42354825879396985 0.8096909819168174 0.4146663793969849 0.8183914421338155 0.41286800301507537 0.8293609602169982 0.41572978391959803 0.8472753544303797 0.4178789090452261 0.8543780018083182 0.4219491728643216 0.8568363896925859 0.4621607638190955 0.8561192305605787 0.4882228864321608 0.8517675605786619 0.49416167688442214 0.846870862567812 0.4959951281407035 0.8377085605786618
1 0.49391137336683416 0.8857891311030741 0.4898411095477387 0.8833307432188064 0.4280697165829146 0.8872119710669077 0.4206769195979899 0.8949141582278481 0.41984788090452263 0.9040133517179023 0.42066576130653266 0.920246746835443 0.4257930502512563 0.9253528499095841 0.4820577095477387 0.9227223318264014 0.4870446994974874 0.920599568716094 0.4888606135678392 0.910533658227848 0.49528407236180905 0.9047017965641952 0.4965627050251256 0.8928602242314647 0.49391137336683416 0.8857891311030741
1 0.5164421140703517 0.9585597179023508 0.5112446748743719 0.9498391808318265 0.42687399246231156 0.9551403707052442 0.4219396150753769 0.9599739593128391 0.41823763718592966 0.9764913471971067 0.41285366582914573 0.9840673155515371 0.42161916180904524 0.9952777938517178 0.4467996341708543 0.997314492766727 0.5075841512562814 0.9943999819168173 0.5135755537688442 0.992214109403255 0.5159287492462311 0.9839238607594938 0.5164421140703517 0.9585597179023508