1 0.44890799949748744 0.027866502712477394 0.3964830311557789 0.03990069258589512 0.38591038040201003 0.05301368987341772 0.38571403417085426 0.07388483453887884 0.3909021864321608 0.07776390867992766 0.45345808442211055 0.06717416998191682 0.4698954432160804 0.06238695840867993 0.4737655366834171 0.05827456419529837 0.47123458040201005 0.04499749819168174 0.4647984768844221 0.034930869801084986 0.44890799949748744 0.027866502712477394
1 0.43743718592964825 0.12658227848101267 0.09195979899497488 0.05334538878842676
1 0.46117352412060303 0.17496747016274866 0.45752429095477387 0.17180114014466544 0.4069292090452261 0.1790732631103074 0.4005526728643216 0.18350101265822785 0.398256551758794 0.18922810669077758 0.39992514522613065 0.2062391410488246 0.39465634673366834 0.2132466184448463 0.4033535180904523 0.2166841952983725 0.4574576190954774 0.20897057594936708 0.46791456984924623 0.2058421726943942 0.4717496100502513 0.200827821880651 0.4663511366834171 0.19153700813743219 0.46117352412060303 0.17496747016274866
1 0.4670311281407035 0.23495706871609406 0.4609455592964824 0.23391000723327307 0.4084154311557789 0.2432383273056058 0.3980285869346734 0.24817064376130202 0.3942636537688442 0.25498890777576855 0.3945685959798995 0.27579698191681734 0.3982879361809045 0.28076722513562385 0.4634203834170854 0.2716660443037975 0.4762435628140704 0.2646144602169982 0.47803839547738697 0.2589504358047016 0.4767203371859296 0.2509589683544304 0.4693167100502513 0.24192043851717904 0.4670311281407035 0.23495706871609406
1 0.40873778291457286 0.3293026338155515 0.39877158140703517 0.3450584303797468 0.39972856532663315 0.35672079566003617 0.4035180125628141 0.36349495298372514 0.4181605386934673 0.3643717649186257 0.45350664522613066 0.3535800307414105 0.4572014713567839 0.3449578535262206 0.45524191055276386 0.3334216292947559 0.44673054623115577 0.32180337160940325 0.40873778291457286 0.3293026338155515
1 0.4852770613065327 0.3803992287522604 0.4142693663316583 0.3938650867992767 0.40305521306532666 0.40343332911392404 0.4003629638190955 0.4119293643761302 0.4007730663316583 0.435443308318264 0.4126532361809045 0.44301224231464736 0.484663508040201 0.42942024231464737 0.4939075608040201 0.4210062405063291 0.4967856170854271 0.4043295244122965 0.49414949999999996 0.3883465886075949 0.489858764321608 0.3816355036166365 0.4852770613065327 0.3803992287522604
1 0.48847746934673364 0.4497868191681736 0.41392570150753766 0.4627922179023508 0.40228036683417084 0.4742274439421338 0.40276057688442213 0.499545301084991 0.40400852814070354 0.5057328553345389 0.40812399648241204 0.507934157323689 0.4911275608040201 0.4920526401446655 0.49743398994974874 0.4858209773960217 0.4992043090452261 0.4665645334538878 0.49463314522613067 0.452637794755877 0.48847746934673364 0.4497868191681736
1 0.5055700718592965 0.6044377576853526 0.4900406688442211 0.593702493670886 0.4154538477386935 0.6058059358047015 0.40825000201005024 0.614869609403255 0.40841473015075375 0.6320698571428571 0.4164949135678392 0.6455550985533454 0.4209013492462312 0.6422815904159132 0.42802454824120606 0.6441044665461121 0.49616472613065327 0.6346248607594936 0.5069476979899498 0.6269236030741411 0.5086373703517588 0.6185537097649186 0.5055700718592965 0.6044377576853526
1 0.49464001557788945 0.5305844918625678 0.4840077974874372 0.5292031121157323 0.42048437587939697 0.5408209493670886 0.41227795326633165 0.5500107649186257 0.4091895763819095 0.5612757414104883 0.40611173869346734 0.5598502540687161 0.4064973271356784 0.5697717775768536 0.4042012055276382 0.5754988716094033 0.40612571306532663 0.5861331392405063 0.496823872361809 0.5738153399638336 0.5002627844221105 0.5715699294755877 0.5033862150753768 0.5612069095840868 0.5003995633165829 0.5362044077757685 0.49464001557788945 0.5305844918625678
1 0.4872957226130653 0.6656508490054249 0.42273467085427135 0.6764928716094032 0.41485426934673364 0.6811098336347197 0.4130594366834171 0.6867738571428571 0.41457727638190955 0.7128675289330921 0.41983553567839194 0.7185505162748643 0.42688862763819097 0.71856947920434 0.503014367839196 0.7071787811934901 0.5092857432160803 0.7000451627486438 0.5111962763819096 0.6843965452079567 0.5085601592964825 0.668413609403255 0.4872957226130653 0.6656508490054249
1 0.48093659648241205 0.7353348309222423 0.4392946 0.7396677640144665 0.4175884427135678 0.751462452079566 0.4169959683417085 0.7751025379746835 0.41892047587939696 0.7857368047016274 0.42199831356783923 0.7871622920433996 0.4955825577889447 0.7751849918625678 0.5023902753768844 0.7688902594936708 0.504185108040201 0.7632262350813743 0.5035891984924623 0.7478929719710669 0.48093659648241205 0.7353348309222423
1 0.5025478994974875 0.8377543191681737 0.5024883316582914 0.8232599412296564 0.4946885768844221 0.8169903526220614 0.49397696733668345 0.8116416835443038 0.4877862381909548 0.8078887522603978 0.42960172211055275 0.8143030262206148 0.42089401155778894 0.8235559132007233 0.4193094994974874 0.8346316763110307 0.4225170120603015 0.8523554547920434 0.42480259396984926 0.8593188236889693 0.4289180623115578 0.8615201265822785 0.46909124673366837 0.8582783634719711 0.4950530864321608 0.8522928037974684 0.5008932804020101 0.8470261690777576 0.5025478994974875 0.8377543191681737
1 0.5013980040201005 0.8859364466546112 0.49728253618090457 0.8837351446654611 0.4356240542713568 0.8914928716094033 0.4283851552763819 0.899654589511754 0.4277331135678392 0.9088002974683544 0.42886536532663316 0.9249724466546112 0.4340885708542714 0.9297534764918625 0.4902679326633166 0.923591486437613 0.49521071055276383 0.921156863471971 0.49683027587939693 0.9109830569620253 0.5031367050251256 0.9047513942133816 0.5041848743718593 0.8928367450271247 0.5013980040201005 0.8859364466546112
1 0.45965444170854275 1 0.5171691130653266 0.993622568716094 0.523114467839196 0.9910618047016275 0.5253054286432162 0.9826288399638337 0.5253265070351758 0.9572479113924052 0.519963087437186 0.9488590551537069 0.4357466251256281 0.9594549746835443 0.430909008040201 0.9645954674502714 0.42752966331658293 0.9813352549728752 0.42229591809045225 0.9892446889692587 0.4312735175879397 0.999897918625678 0.43693726582914577 1 0.45965444170854275 1