1 0.40753768844221105 0.0650994575045208 0.47035175879396984 0.06238698010849909 0.48693467336683416 0.059674502712477394 0.4909547738693467 0.05605786618444846 0.48894472361809044 0.042495479204339964 0.4829145728643216 0.03164556962025317 0.46733668341708545 0.022603978300180832 0.41457286432160806 0.02802893309222423 0.4035175879396985 0.039783001808318265 0.40251256281407033 0.06057866184448463 0.40753768844221105 0.0650994575045208
1 0.45219095477386934 0.11949367088607595 0.09031155778894474 0.04207956600361664
1 0.40603015075376886 0.2007233273056058 0.41457286432160806 0.20524412296564196 0.46884422110552765 0.20433996383363473 0.4793969849246231 0.20253164556962025 0.4834170854271357 0.1980108499095841 0.47839195979899496 0.18806509945750452 0.4738693467336683 0.17088607594936708 0.47035175879396984 0.16726943942133815 0.41959798994974873 0.16817359855334538 0.4130653266331658 0.1717902350813743 0.4105527638190955 0.17721518987341772 0.4115577889447236 0.19439421338155516 0.40603015075376886 0.2007233273056058
1 0.40703517587939697 0.26853526220614826 0.4723618090452261 0.26763110307414106 0.48542713567839196 0.26220614828209765 0.48743718592964824 0.25678119349005424 0.4864321608040201 0.24864376130198915 0.4793969849246231 0.23869801084990958 0.47738693467336685 0.2314647377938517 0.471356783919598 0.22965641952983726 0.4185929648241206 0.23236889692585896 0.40804020100502514 0.2359855334538879 0.4040201005025126 0.2423146473779385 0.4035175879396985 0.2631103074141049 0.40703517587939697 0.26853526220614826
1 0.40904522613065325 0.35171790235081374 0.4236180904522613 0.35443037974683544 0.4592964824120603 0.34810126582278483 0.46331658291457284 0.3399638336347197 0.46180904522613064 0.3282097649186257 0.4537688442211055 0.3155515370705244 0.41557788944723617 0.3182640144665461 0.4050251256281407 0.33273056057866185 0.4055276381909548 0.3444846292947559 0.40904522613065325 0.35171790235081374
1 0.4150753768844221 0.4321880650994575 0.48743718592964824 0.42766726943942135 0.49698492462311555 0.4204339963833635 0.5005025125628141 0.40415913200723325 0.4984924623115578 0.38788426763110306 0.49447236180904525 0.3806509945750452 0.4899497487437186 0.37884267631103075 0.4185929648241206 0.3833634719710669 0.40703517587939697 0.391500904159132 0.4040201005025126 0.3996383363471971 0.4035175879396985 0.4231464737793852 0.4150753768844221 0.4321880650994575
1 0.4040201005025126 0.4936708860759494 0.40804020100502514 0.49638336347197104 0.4914572864321608 0.4909584086799277 0.4979899497487437 0.48553345388788427 0.5005025125628141 0.4665461121157324 0.4964824120603015 0.45207956600361665 0.4904522613065327 0.4484629294755877 0.41557788944723617 0.45207956600361665 0.4035175879396985 0.4620253164556962 0.4030150753768844 0.4873417721518987 0.4040201005025126 0.4936708860759494
1 0.41105527638190953 0.6347197106690777 0.41557788944723617 0.6320072332730561 0.4226130653266332 0.6347197106690777 0.4909547738693467 0.6338155515370705 0.5020100502512563 0.6274864376130199 0.5040201005025126 0.6193490054249547 0.5015075376884423 0.604882459312839 0.4864321608040201 0.5922242314647378 0.4115577889447236 0.5949367088607594 0.4040201005025126 0.6030741410488246 0.4035175879396985 0.620253164556962 0.41105527638190953 0.6347197106690777
1 0.4015075376884422 0.5632911392405063 0.4030150753768844 0.5741410488245932 0.49396984924623116 0.5732368896925859 0.49748743718592964 0.5714285714285714 0.5010050251256282 0.5614828209764918 0.49899497487437183 0.5361663652802894 0.4934673366834171 0.5298372513562387 0.4829145728643216 0.527124773960217 0.4190954773869347 0.530741410488246 0.4105527638190955 0.538878842676311 0.40703517587939697 0.5497287522603979 0.4040201005025126 0.5479204339963833 0.4040201005025126 0.5578661844484629 0.4015075376884422 0.5632911392405063
1 0.4115577889447236 0.7079566003616636 0.4185929648241206 0.7088607594936709 0.4949748743718593 0.7070524412296564 0.5015075376884423 0.7007233273056058 0.5040201005025126 0.6853526220614828 0.5020100502512563 0.6690777576853526 0.4809045226130653 0.6636528028933092 0.41608040201005025 0.666365280289331 0.40804020100502514 0.6699819168173599 0.40603015075376886 0.6754068716094033 0.4065326633165829 0.701627486437613 0.4115577889447236 0.7079566003616636
1 0.40804020100502514 0.7748643761301989 0.41105527638190953 0.7766726943942134 0.4849246231155779 0.7739602169981917 0.4919597989949749 0.7685352622061483 0.49396984924623116 0.7631103074141049 0.49396984924623116 0.7477396021699819 0.47185929648241204 0.7323688969258589 0.4301507537688442 0.7314647377938517 0.40804020100502514 0.740506329113924 0.4065326633165829 0.7640144665461122 0.40804020100502514 0.7748643761301989
1 0.40904522613065325 0.8417721518987342 0.41105527638190953 0.849005424954792 0.4150753768844221 0.8517179023508138 0.4552763819095477 0.8535262206148282 0.4814070351758794 0.8508137432188065 0.48743718592964824 0.8462929475587704 0.4894472361809045 0.8372513562386981 0.4899497487437186 0.8227848101265823 0.4824120603015075 0.8155515370705244 0.4819095477386935 0.810126582278481 0.4758793969849246 0.8056057866184448 0.41758793969849245 0.8047016274864376 0.4085427135678392 0.8128390596745028 0.4065326633165829 0.8236889692585895 0.40904522613065325 0.8417721518987342
1 0.41758793969849245 0.9204339963833634 0.4738693467336683 0.9213381555153707 0.47889447236180904 0.9195298372513563 0.4809045226130653 0.9095840867992767 0.48743718592964824 0.9041591320072333 0.48894472361809044 0.8924050632911392 0.4864321608040201 0.8851717902350814 0.4824120603015075 0.8824593128390597 0.4206030150753769 0.8824593128390597 0.4130653266331658 0.8896925858951176 0.4120603015075377 0.8987341772151899 0.4125628140703518 0.9150090415913201 0.41758793969849245 0.9204339963833634
1 0.4035175879396985 0.9783001808318263 0.4120603015075377 0.9900542495479204 0.4371859296482412 0.9936708860759493 0.4979899497487437 0.9945750452079566 0.5040201005025126 0.9927667269439421 0.5065326633165829 0.984629294755877 0.507537688442211 0.9593128390596745 0.5025125628140703 0.9502712477396021 0.41809045226130653 0.9502712477396021 0.4130653266331658 0.9547920433996383 0.40904522613065325 0.9710669077757685 0.4035175879396985 0.9783001808318263