4 0.3163841807909605 0.45087719298245615 0.4350282485875706 0.27017543859649124
4 0.384180790960452 0.3017543859649123 0.3502824858757062 0.22456140350877193
4 0.7542372881355932 0.21403508771929824 0.4915254237288136 0.34385964912280703
4 0.9011299435028248 0.6017543859649123 0.1977401129943503 0.3263157894736842
4 0.788135593220339 0.7228070175438597 0.3728813559322034 0.2631578947368421
4 0.6864406779661016 0.7807017543859649 0.4576271186440678 0.23157894736842105
4 0.519774011299435 0.6543859649122807 0.3389830508474576 0.11578947368421053
4 0.2994350282485876 0.6333333333333333 0.20903954802259886 0.1543859649122807
4 0.22598870056497175 0.6175438596491228 0.288135593220339 0.12982456140350876
4 0.3333333333333333 0.7807017543859649 0.3220338983050847 0.2
4 0.10451977401129943 0.7192982456140351 0.20903954802259886 0.17543859649122806
4 0.14689265536723164 0.8350877192982457 0.2937853107344633 0.16140350877192983
5 0.6497175141242938 0.41228070175438597 0.7005649717514124 0.8245614035087719