4 0.3135593220338983 0.45614035087719296 0.4180790960451977 0.2596491228070175
4 0.3700564971751412 0.30526315789473685 0.3333333333333333 0.21754385964912282
4 0.7457627118644068 0.20701754385964913 0.5028248587570622 0.3298245614035088
4 0.9096045197740112 0.5877192982456141 0.1807909604519774 0.3263157894736842
4 0.8050847457627118 0.712280701754386 0.3559322033898305 0.25263157894736843
4 0.7090395480225988 0.7736842105263158 0.4406779661016949 0.21754385964912282
4 0.5310734463276836 0.6526315789473685 0.3333333333333333 0.10526315789473684
4 0.3107344632768362 0.6385964912280702 0.1977401129943503 0.15087719298245614
4 0.23728813559322035 0.6263157894736842 0.2824858757062147 0.12280701754385964
4 0.3559322033898305 0.7859649122807018 0.3107344632768362 0.19298245614035087
4 0.11016949152542373 0.7333333333333333 0.22033898305084745 0.16842105263157894
4 0.16101694915254236 0.8473684210526315 0.3220338983050847 0.15087719298245614
5 0.6610169491525424 0.4052631578947368 0.6779661016949152 0.8105263157894737