4 0.3063841807909604 0.4687368421052632 0.38101694915254236 0.23750877192982456
4 0.33683615819209034 0.3144561403508772 0.3027683615819209 0.19884210526315793
4 0.695367231638418 0.19298245614035087 0.45197740112994345 0.30319298245614035
4 0.9309604519774012 0.5614035087719298 0.13807909604519772 0.3184912280701754
4 0.8397175141242937 0.6918596491228071 0.32056497175141246 0.23392982456140357
4 0.7540112994350283 0.758421052631579 0.4128813559322033 0.1925263157894737
4 0.5577401129943502 0.6504561403508772 0.3215819209039549 0.084561403508772
4 0.33463276836158196 0.6504561403508772 0.17672316384180795 0.14035087719298245
4 0.2593220338983051 0.6419298245614035 0.26655367231638416 0.10526315789473684
4 0.4055932203389831 0.7935087719298246 0.28395480225988695 0.17452631578947372
4 0.12677966101694915 0.7602456140350877 0.253502824858757 0.15294736842105255
4 0.18977401129943505 0.87 0.3621468926553672 0.12775438596491218
5 0.6808474576271186 0.39270175438596494 0.6199999999999999 0.7728421052631579