0 0.4711764705882353 0.7668711656441718 0.3247058823529412 0.35429447852760737
0 0.7194117647058823 0.8865030674846626 0.10352941176470588 0.17638036809815952
0 0.8270588235294117 0.9072085889570553 0.14352941176470588 0.18098159509202455
0 0.9 0.9171779141104295 0.13176470588235295 0.1656441717791411
0 0.941764705882353 0.8857361963190185 0.04941176470588235 0.06901840490797546
0 0.808235294117647 0.7599693251533742 0.11058823529411765 0.10276073619631902
0 0.7452941176470588 0.6794478527607362 0.08941176470588236 0.06134969325153374
0 0.9305882352941176 0.7331288343558282 0.10352941176470588 0.0843558282208589
0 0.8382352941176471 0.5230061349693251 0.3235294117647059 0.3496932515337423
0 0.8535294117647059 0.21932515337423314 0.29294117647058826 0.34662576687116564
0 0.5329411764705883 0.17024539877300612 0.31176470588235294 0.3220858895705521
0 0.4923529411764706 0.07438650306748466 0.21294117647058824 0.14877300613496933
0 0.22 0.13266871165644173 0.2 0.26533742331288346
0 0.18470588235294116 0.4217791411042945 0.18941176470588236 0.29141104294478526
0 0 0.8150443865030675 0.0015786270588235296 0.8144686380368098 0.16643233529411766 0.6077044616564417 0.19000355764705884 0.5764004386503068 0.19114968941176472 0.565768726993865 0.18250334117647057 0.5688309846625766 0 0.7761898941717791 0 0.8150443865030675
0 0.56277258 0.6230159187116565 0.6308350117647058 0.6308399003067484 0.6612704717647058 0.3374949463190184 0.37467524235294114 0.28498484969325155 0.36952395764705886 0.2886874754601227 0.33925223176470587 0.5805136134969325 0.56277258 0.6230159187116565