0 0.5288235294117647 0.7668711656441718 0.3247058823529412 0.35429447852760737
0 0.7923529411764706 0.7929447852760736 0.10352941176470588 0.17638036809815952
0 0.9005882352941177 0.7737730061349694 0.14352941176470588 0.18098159509202455
0 0.9541176470588235 0.7615030674846626 0.09176470588235294 0.17638036809815952
0 0.9905882352941177 0.7108895705521472 0.018823529411764704 0.06901840490797546
0 0.851764705882353 0.6388036809815951 0.11058823529411765 0.10276073619631902
0 0.7741176470588236 0.5843558282208589 0.08941176470588236 0.06134969325153374
0 0.9558823529411765 0.5682515337423313 0.08823529411764706 0.0843558282208589
0 0.8341176470588235 0.3987730061349693 0.33176470588235296 0.3496932515337423
0 0.8035294117647059 0.13420245398773006 0.3388235294117647 0.2684049079754601
0 0.46176470588235297 0.17101226993865032 0.31176470588235294 0.3220858895705521
0 0.4011764705882353 0.08588957055214724 0.21294117647058824 0.16717791411042945
0 0.14588235294117646 0.2147239263803681 0.2 0.3343558282208589
0 0.18 0.5375766871165644 0.18941176470588236 0.29141104294478526
0 0.20935556235294117 0.6802548481595092 0.06292819294117648 0.9750283773006134 0.0632367694117647 0.9889111779141104 0.058066595294117646 0.9960537208588957 0.06988054117647059 0.9954379800613498 0.08737475058823531 0.9813909754601227 0.20212614235294118 0.7233974386503067 0.21816564352941176 0.6848359233128835 0.21701951294117647 0.6742042101226994 0.20935556235294117 0.6802548481595092
0 0.5863501411764707 0.5956935920245399 0.6534301741176471 0.5787567147239264 0.6206646729411764 0.28583867177914113 0.33406944352941176 0.33834876840490796 0.32990055764705883 0.3437590398773006 0.3625023258823529 0.6351582668711657 0.5863501411764707 0.5956935920245399