0 0.5 0.7691257668711657 0.29550588235294123 0.3040490797546012
0 0.7584823529411765 0.8431134969325154 0.08719999999999987 0.16148773006134964
0 0.8674705882352941 0.8440030674846625 0.12802352941176462 0.15969325153374225
0 0.9418705882352941 0.8453680981595091 0.11625882352941169 0.15697852760736192
0 0.9785411764705882 0.8016104294478528 0.04290588235294121 0.062254601226993826
0 0.8332235294117647 0.701457055214724 0.10242352941176464 0.08570552147239263
0 0.7622823529411765 0.632898773006135 0.08511764705882342 0.046012269938650305
0 0.9515529411764706 0.6527453987730061 0.09688235294117636 0.06766871165644173
0 0.8439411764705883 0.46056748466257674 0.3079529411764706 0.2968251533742331
0 0.8437058823529412 0.15381901840490797 0.31024705882352943 0.29322085889570554
0 0.49723529411764705 0.16736196319018407 0.28581176470588243 0.27337423312883435
0 0.446364705882353 0.07171779141104295 0.20069411764705886 0.13262269938650306
0 0.1799294117647059 0.15337423312883436 0.16885882352941173 0.3067484662576687
0 0.17923529411764705 0.4795245398773006 0.1633176470588235 0.26434049079754607
0 0.009411764705882352 0.911042944785276 0.021176470588235293 0.9125766871165644 0.04 0.901840490797546 0.1811764705882353 0.6671779141104295 0.2011764705882353 0.6319018404907976 0.2011764705882353 0.6211656441717791 0.19294117647058823 0.6257668711656442 0.01647058823529412 0.8911042944785276 0.015294117647058824 0.9049079754601227 0.009411764705882352 0.911042944785276
0 0.5752941176470588 0.6104294478527608 0.6435294117647059 0.6058282208588958 0.6423529411764706 0.3098159509202454 0.35294117647058826 0.3098159509202454 0.34823529411764703 0.31441717791411045 0.34941176470588237 0.6088957055214724 0.5752941176470588 0.6104294478527608