0 0 0.7745398773006135 0.02 0.7561349693251533 0.02 0.7484662576687117 0 0.7484662576687117 0 0.7745398773006135
0 0 0.9662576687116564 0.023333333333333334 0.9647239263803681 0.035555555555555556 0.950920245398773 0.14777777777777779 0.7515337423312883 0.09888888888888889 0.7530674846625767 0.022222222222222223 0.8450920245398773 0 0.8726993865030674 0 0.9662576687116564
0 0.1688888888888889 0.9601226993865031 0.2544444444444444 0.950920245398773 0.2588888888888889 0.8021472392638037 0.25666666666666665 0.7515337423312883 0.21222222222222223 0.754601226993865 0.1688888888888889 0.9340490797546013 0.16555555555555557 0.9493865030674846 0.1688888888888889 0.9601226993865031
0 0.37 0.9478527607361963 0.45111111111111113 0.9493865030674846 0.37666666666666665 0.7561349693251533 0.37333333333333335 0.7515337423312883 0.3333333333333333 0.7515337423312883 0.3422222222222222 0.8174846625766872 0.37 0.9478527607361963
0 0.44555555555555554 0.7653374233128835 0.5688888888888889 0.9447852760736196 0.5833333333333334 0.9493865030674846 0.6466666666666666 0.946319018404908 0.48333333333333334 0.7576687116564417 0.4444444444444444 0.7530674846625767 0.4411111111111111 0.754601226993865 0.44555555555555554 0.7653374233128835
0 0.5666666666666667 0.7837423312883436 0.75 0.946319018404908 0.8211111111111111 0.946319018404908 0.5777777777777777 0.7576687116564417 0.5444444444444444 0.7561349693251533 0.5444444444444444 0.7622699386503068 0.5666666666666667 0.7837423312883436
0 0.9166666666666666 0.9432515337423313 0.93 0.9493865030674846 0.9911111111111112 0.9493865030674846 0.7566666666666667 0.8067484662576687 0.6822222222222222 0.7638036809815951 0.6622222222222223 0.75920245398773 0.6411111111111111 0.7607361963190185 0.9166666666666666 0.9432515337423313
0 0.9988888888888889 0.9033742331288344 0.9988888888888889 0.8757668711656442 0.9877777777777778 0.8696319018404908 0.7722222222222223 0.7653374233128835 0.7422222222222222 0.7622699386503068 0.7355555555555555 0.7653374233128835 0.9988888888888889 0.9033742331288344
0 0.9066666666666666 0.7837423312883436 0.9988888888888889 0.8205521472392638 0.9988888888888889 0.803680981595092 0.9866666666666667 0.7975460122699386 0.9155555555555556 0.7699386503067485 0.8833333333333333 0.7684049079754601 0.8811111111111111 0.7714723926380368 0.9066666666666666 0.7837423312883436
0 0.25222222222222224 0.6242331288343558 0.27111111111111114 0.6349693251533742 0.2788888888888889 0.6349693251533742 0.28555555555555556 0.6273006134969326 0.27111111111111114 0.6119631901840491 0.23 0.6134969325153374 0.23444444444444446 0.6226993865030674 0.25222222222222224 0.6242331288343558
0 0 0.6641104294478528 0.012222222222222223 0.661042944785276 0.013333333333333334 0.6656441717791411 0.022222222222222223 0.6656441717791411 0.04 0.6595092024539877 0.03777777777777778 0.6411042944785276 0.028888888888888888 0.6380368098159509 0 0.6380368098159509 0 0.6641104294478528