0 0.030078295555555554 0.7828023282208588 0.010105704444444445 0.784247185582822 0.011094273333333333 0.8102850720858896 0.030369051111111114 0.7904605291411043 0.030078295555555554 0.7828023282208588
0 0.03093453111111111 1 0.041606359999999995 0.9985228128834356 0.053288473333333336 0.9838550812883436 0.15779726000000002 0.776634573619632 0.10903352333333334 0.7816980874233128 0.03596098888888889 0.8791351334355828 0.01481594111111111 0.9083100567484663 0.018297088888888886 1 0.03093453111111111 1
0 0.1830521611111111 0.9729318665644172 0.18678798444444444 0.9834125383435582 0.2718773822222222 0.9680419171779141 0.2706750822222222 0.8191517193251533 0.2665369211111111 0.7687681257668713 0.22226968777777778 0.7750422009202454 0.18579941555555554 0.9573746518404908 0.1830521611111111 0.9729318665644172
0 0.3871582711111111 0.9566305690184048 0.4682163733333334 0.9523025092024541 0.3865469177777778 0.7646939003067484 0.3830437 0.7603397898773006 0.34309851888888887 0.763229504601227 0.3544757211111111 0.8284478819018405 0.3871582711111111 0.9566305690184048
0 0.45084489222222224 0.7585066073619632 0.4556903033333333 0.7689070107361964 0.5856582866666666 0.9391989815950921 0.6002573888888888 0.9427503941717792 0.6633876244444444 0.9351117300613497 0.4931255533333333 0.7585196334355828 0.45411550666666667 0.7567341579754601 0.45084489222222224 0.7585066073619632
0 0.5773332488888889 0.7785372806748466 0.7665793433333333 0.9276466319018405 0.8375929988888889 0.9225093604294478 0.5874405644444445 0.7516966947852761 0.5540947622222222 0.7525731503067484 0.5543273666666667 0.7586997116564417 0.5773332488888889 0.7785372806748466
0 1 0.9093740306748467 0.7679451266666667 0.7877857377300613 0.6919744755555556 0.7502778880368097 0.6718274322222222 0.7471278251533743 0.6508034033333333 0.7501845920245399 0.9329012966666667 0.9125428711656441 0.9464489611111111 0.917706194785276 1 0.91383220398773 1 0.9093740306748467
0 1 0.8334328006134969 0.7819092844444444 0.7453076687116564 0.7518340966666666 0.7444116748466257 0.7452928688888889 0.7479565751533742 1 0.8607998113496933 1 0.8334328006134969
0 1 0.7631262914110429 0.9972810133333333 0.761980032208589 0.9252206377777777 0.7395477760736197 0.8929844244444444 0.7403439631901841 0.89088155 0.7435677837423313 0.9168672911111111 0.7539746993865031 1 0.7807369570552147 1 0.7631262914110429
0 0.23946046444444447 0.6417157300613497 0.2572720288888889 0.6419630536809816 0.27654208888888887 0.6513199478527607 0.2843092077777778 0.6507580582822087 0.29067598222222224 0.6426182377300614 0.27566982333333334 0.62834534202454 0.23467320444444445 0.632846967791411 0.23946046444444447 0.6417157300613497
0 0.03476812555555556 0.6718820613496932 0.005918827777777778 0.6739690766871166 0.006907396666666666 0.7000069647239263 0.01899656666666667 0.6960607147239264 0.02028060777777778 0.7005753665644172 0.029157314444444443 0.6999332070552147 0.04667812444444444 0.6925223266871166 0.04376113555555555 0.6743031825153374 0.03476812555555556 0.6718820613496932