4 0.5106209150326797 0.6875 0.22712418300653595 0.2769607843137255
4 0.6887254901960784 0.7340686274509803 0.08660130718954248 0.11029411764705882
4 0.6225490196078431 0.633578431372549 0.04411764705882353 0.04411764705882353
4 0.7696078431372549 0.6237745098039216 0.03758169934640523 0.06372549019607843
4 0.8145424836601307 0.7977941176470589 0.11764705882352941 0.08333333333333333
4 0.6805555555555556 0.8455882352941176 0.11437908496732026 0.08823529411764706
4 0.5759803921568627 0.8725490196078431 0.06209150326797386 0.06372549019607843
4 0.5187908496732027 0.8553921568627451 0.024509803921568627 0.022058823529411766
4 0.4812091503267974 0.803921568627451 0.042483660130718956 0.0392156862745098
4 0.39052287581699346 0.8247549019607843 0.05392156862745098 0.0661764705882353
4 0.17320261437908496 0.75 0.0392156862745098 0.04656862745098039
4 0.17647058823529413 0.8100490196078431 0.09640522875816994 0.0661764705882353
5 0.42810457516339867 0.5661764705882353 0.5098039215686274 0.7156862745098039