5 0.4852941176470588 0.5931372549019608 0.5196078431372549 0.6797385620915033
4 0.5 0.34558823529411764 0.3897058823529412 0.12091503267973856
4 0.5661764705882353 0.4959150326797386 0.2916666666666667 0.10947712418300654
4 0.3137254901960784 0.45016339869281047 0.08333333333333333 0.0457516339869281
4 0.19362745098039216 0.815359477124183 0.11519607843137254 0.04084967320261438
4 0.28308823529411764 0.8227124183006536 0.03676470588235294 0.03758169934640523
4 0.3590686274509804 0.9052287581699346 0.0784313725490196 0.049019607843137254
4 0.49387254901960786 0.8929738562091504 0.08333333333333333 0.08006535947712418
4 0.5612745098039216 0.9052287581699346 0.058823529411764705 0.029411764705882353
4 0.6813725490196079 0.9035947712418301 0.09313725490196079 0.07026143790849673
4 0.7401960784313726 0.8733660130718954 0.09313725490196079 0.05065359477124183
4 0.7953431372549019 0.9035947712418301 0.09068627450980392 0.06372549019607843
4 0.8002450980392157 0.8700980392156863 0.09313725490196079 0.05555555555555555
4 0.9387254901960784 0.8472222222222222 0.12254901960784313 0.12581699346405228
4 0.9485294117647058 0.9493464052287581 0.10294117647058823 0.09313725490196079