5 0.388218954248366 0.45389705882352943 0.6251470588235294 0.8533088235294117
4 0.18578431372549017 0.5968627450980392 0.2626470588235294 0.4148529411764705
4 0.37308823529411766 0.7039705882352942 0.3540359477124183 0.2750490196078432
4 0.5473856209150327 0.5773529411764706 0.17248366013071886 0.2523529411764706
4 0.5404248366013072 0.41438725490196077 0.10166666666666671 0.1298039215686274
4 0.7700980392156863 0.6172794117647059 0.09864379084967322 0.14705882352941183
4 0.6514705882352941 0.5918627450980392 0.050228758169934655 0.20879901960784314
4 0.6581372549019607 0.7325735294117647 0.05385620915032686 0.05446078431372556
4 0.5038071895424836 0.898700980392157 0.04660130718954245 0.05446078431372556
4 0.9411764705882353 0.9791666666666666 0.049019607843137254 0.041666666666666664
4 0.35614379084967324 0.1556862745098039 0.17004901960784313 0.15340686274509804
4 0.2756535947712418 0.1715686274509804 0.0925980392156863 0.07080882352941174
4 0.24993464052287584 0.2818627450980392 0.11982026143790847 0.28414215686274513