4 0.5449346405228758 0.2267156862745098 0.3202614379084967 0.15931372549019607
4 0.49673202614379086 0.6470588235294118 0.9934640522875817 0.4852941176470588
4 0.47630718954248363 0.6629901960784313 0.12418300653594772 0.11519607843137254
4 0.34395424836601307 0.6225490196078431 0.09803921568627451 0.2426470588235294
4 0.23366013071895425 0.5894607843137255 0.09313725490196079 0.25980392156862747
4 0.22712418300653595 0.6617647058823529 0.1437908496732026 0.16911764705882354
4 0.12663398692810457 0.5465686274509803 0.08006535947712418 0.08823529411764706
4 0.04084967320261438 0.49387254901960786 0.0784313725490196 0.06372549019607843
4 0.041666666666666664 0.44362745098039214 0.06699346405228758 0.0784313725490196
4 0.04820261437908497 0.6299019607843137 0.09640522875816994 0.14705882352941177
4 0.12336601307189543 0.6899509803921569 0.08006535947712418 0.12254901960784313
4 0.2099673202614379 0.7401960784313726 0.07679738562091504 0.0784313725490196
4 0.28594771241830064 0.5563725490196079 0.08986928104575163 0.12745098039215685
4 0.3472222222222222 0.5367647058823529 0.09640522875816994 0.12990196078431374
4 0.4166666666666667 0.5968137254901961 0.08006535947712418 0.13480392156862744
4 0.4019607843137255 0.6899509803921569 0.10947712418300654 0.18137254901960784
4 0.47875816993464054 0.6188725490196079 0.08986928104575163 0.10294117647058823
4 0.46895424836601307 0.7279411764705882 0.07516339869281045 0.11029411764705882
4 0.5441176470588235 0.6115196078431373 0.08823529411764706 0.10784313725490197
4 0.545751633986928 0.7279411764705882 0.07679738562091504 0.11274509803921569
4 0.6045751633986928 0.7169117647058824 0.09640522875816994 0.1568627450980392
4 0.6397058823529411 0.6225490196078431 0.11274509803921569 0.12009803921568628
4 0.6977124183006536 0.6041666666666666 0.08006535947712418 0.12990196078431374
4 0.670751633986928 0.7279411764705882 0.06862745098039216 0.14460784313725492
4 0.7540849673202614 0.7046568627450981 0.08823529411764706 0.17401960784313725
4 0.8104575163398693 0.741421568627451 0.10294117647058823 0.14950980392156862
4 0.8676470588235294 0.7365196078431373 0.12254901960784313 0.14460784313725492
4 0.9215686274509803 0.6924019607843137 0.12745098039215685 0.13970588235294118
4 0.9387254901960784 0.7806372549019608 0.0718954248366013 0.0661764705882353
4 0.829248366013072 0.6397058823529411 0.09803921568627451 0.10049019607843138
4 0.4616013071895425 0.20465686274509803 0.10947712418300654 0.12254901960784313
4 0.5147058823529411 0.20588235294117646 0.08823529411764706 0.0661764705882353
4 0.579248366013072 0.24509803921568626 0.1111111111111111 0.08333333333333333
4 0.6527777777777778 0.24877450980392157 0.09803921568627451 0.09558823529411764
5 0.5179738562091504 0.4375 0.42320261437908496 0.7181372549019608