4 0.3776307189542484 0.2028921568627451 0.2965359477124183 0.24056372549019614
4 0.6790196078431373 0.5600980392156863 0.42604575163398706 0.46659313725490204
4 0.9095915032679738 0.62 0.14766339869281056 0.17428921568627448
4 0.6841503267973856 0.8215441176470588 0.13253267973856211 0.05808823529411776
4 0.5113725490196078 0.7738725490196079 0.10772875816993456 0.12073529411764704
4 0.5510130718954249 0.8228921568627451 0.050228758169934655 0.046299019607843106
4 0.3449509803921569 0.8555637254901961 0.2590196078431372 0.12073529411764704
4 0.35251633986928105 0.9195833333333333 0.10954248366013075 0.07987745098039223
4 0.3449509803921569 0.7738725490196079 0.1355555555555555 0.12436274509803924
4 0.24236928104575164 0.5464705882352942 0.09380718954248368 0.06718137254901967
4 0.16612745098039217 0.6844607843137255 0.25599673202614376 0.1978921568627451
4 0.13040849673202615 0.8405882352941176 0.15310457516339868 0.0907843137254901
5 0.4097058823529412 0.43392156862745096 0.5688725490196078 0.7679656862745098