4 0.16460784313725488 0.3531127450980392 0.23601307189542484 0.2650735294117647
4 0.3041013071895425 0.42982843137254906 0.13980392156862745 0.15522058823529408
4 0.32800653594771245 0.30909313725490195 0.14403594771241826 0.2169607843137255
4 0.42000000000000004 0.32906862745098037 0.10529411764705877 0.15703431372549018
4 0.38550653594771245 0.15115196078431373 0.1730882352941176 0.19335784313725493
4 0.41212418300653597 0.22649509803921566 0.08714052287581697 0.13889705882352946
4 0.4741666666666667 0.30865196078431373 0.07565359477124176 0.1434313725490196
4 0.5035130718954248 0.21558823529411764 0.15129084967320267 0.1715686274509804
4 0.632107843137255 0.10620098039215686 0.0708006535947713 0.10529411764705884
4 0.6287745098039216 0.1665686274509804 0.06898692810457521 0.07352941176470588
4 0.659640522875817 0.2028921568627451 0.08834967320261446 0.07352941176470588
4 0.715016339869281 0.15340686274509804 0.07928104575163396 0.08350490196078429
4 0.7325653594771242 0.348578431372549 0.11075163398692806 0.13071078431372546
4 0.7561764705882352 0.1121078431372549 0.05627450980392166 0.07171568627450982
4 0.9098856209150327 0.12799019607843137 0.11316993464052286 0.06355392156862746
4 0.9156372549019608 0.17610294117647057 0.11014705882352954 0.03995098039215687
4 0.9250163398692811 0.2342156862745098 0.14705882352941177 0.16340686274509808
5 0.9353104575163398 0.4152941176470588 0.12163398692810466 0.19154411764705878
5 0.21423202614379086 0.5746078431372549 0.3509967320261438 0.7879411764705883
5 0.38913398692810464 0.4429901960784314 0.19366013071895427 0.7552696078431372
5 0.46537581699346403 0.42166666666666663 0.11135620915032676 0.6762990196078431
5 0.5304411764705882 0.4139460784313725 0.09985294117647062 0.5537500000000001
5 0.6426960784313726 0.2196813725490196 0.11014705882352936 0.34857843137254907
5 0.7129084967320262 0.23512254901960786 0.11256535947712416 0.3249754901960785
5 0.7558660130718954 0.19198529411764706 0.07383986928104566 0.2714215686274509
5 0.9215032679738563 0.25144607843137257 0.15697712418300644 0.3721813725490195
5 0.9091013071895425 0.6304411764705883 0.18179738562091502 0.7307598039215686