5 0.5364583333333334 0.3414351851851852 0.4856770833333333 0.6388888888888888
4 0.3216145833333333 0.47337962962962965 0.15364583333333334 0.1388888888888889
4 0.3756510416666667 0.4236111111111111 0.057291666666666664 0.09953703703703703
4 0.5911458333333334 0.5069444444444444 0.0546875 0.06944444444444445
4 0.6263020833333334 0.5821759259259259 0.1640625 0.12962962962962962
4 0.6985677083333334 0.5474537037037037 0.03515625 0.06481481481481481
4 0.6875 0.5960648148148148 0.02734375 0.06481481481481481
4 0.720703125 0.5844907407407407 0.026041666666666668 0.0625
4 0.75390625 0.5983796296296297 0.0234375 0.04861111111111111
4 0.7298177083333334 0.6712962962962963 0.10026041666666667 0.09259259259259259
4 0.3528645833333333 0.6076388888888888 0.04296875 0.06018518518518518
4 0.24739583333333334 0.6192129629629629 0.09505208333333333 0.09027777777777778
4 0.056640625 0.6620370370370371 0.0546875 0.08333333333333333