4 0.26416666666666666 0.38715686274509803 0.3948774509803922 0.16612745098039214
4 0.4874754901960784 0.3649183006535948 0.23693627450980395 0.12709150326797392
4 0.5896078431372549 0.33179738562091504 0.21242647058823527 0.16794117647058818
4 0.6815196078431373 0.3004738562091503 0.12936274509803916 0.12163398692810456
4 0.7788725490196078 0.7266666666666667 0.2696078431372549 0.18065359477124174
4 0.7468627450980393 0.8138235294117647 0.23828431372549028 0.13344771241830058
4 0.8975980392156864 0.8129084967320261 0.2048039215686273 0.10983660130718959
4 0.6379411764705881 0.8587581699346404 0.20833333333333334 0.09803921568627451
4 0.475906862745098 0.8691830065359478 0.23284313725490197 0.11529411764705873
4 0.14502450980392156 0.8351470588235295 0.17019607843137255 0.08351307189542477
4 0.12526960784313726 0.7352941176470589 0.13071078431372551 0.15250000000000008
5 0.4791666666666667 0.5841503267973857 0.9583333333333334 0.7826797385620915