4 0.2957516339869281 0.4166666666666667 0.16339869281045752 0.18382352941176472
4 0.42810457516339867 0.45955882352941174 0.13071895424836602 0.14705882352941177
4 0.5318627450980392 0.5220588235294118 0.12091503267973856 0.24754901960784315
4 0.4869281045751634 0.5821078431372549 0.08496732026143791 0.125
4 0.5988562091503268 0.508578431372549 0.14052287581699346 0.18137254901960784
4 0.670751633986928 0.48651960784313725 0.10294117647058823 0.1568627450980392
4 0.7197712418300654 0.4497549019607843 0.0915032679738562 0.14215686274509803
4 0.8071895424836601 0.39705882352941174 0.22058823529411764 0.1568627450980392
4 0.7647058823529411 0.5747549019607843 0.08823529411764706 0.14215686274509803
4 0.6633986928104575 0.7426470588235294 0.25163398692810457 0.2647058823529412
4 0.6021241830065359 0.19362745098039216 0.0718954248366013 0.12745098039215685
4 0.375 0.23529411764705882 0.13398692810457516 0.09068627450980392
4 0.3839869281045752 0.16053921568627452 0.08660130718954248 0.11764705882352941
4 0.21241830065359477 0.03799019607843137 0.0915032679738562 0.07598039215686274
4 0.09558823529411764 0.15073529411764705 0.058823529411764705 0.12745098039215685
4 0.43790849673202614 0.022058823529411766 0.05555555555555555 0.04411764705882353
4 0.48284313725490197 0.030637254901960783 0.07026143790849673 0.061274509803921566