4 0.5150163398692811 0.6867401960784314 0.22027777777777782 0.2659803921568627
4 0.6941339869281046 0.7239460784313726 0.08472222222222225 0.10620098039215696
4 0.6257516339869281 0.6272794117647059 0.04357843137254895 0.04176470588235292
4 0.772516339869281 0.6095588235294117 0.03570261437908501 0.0608088235294117
4 0.8212254901960784 0.781593137254902 0.11619281045751637 0.07625000000000004
4 0.6883986928104575 0.8360539215686275 0.11316993464052286 0.08169117647058834
4 0.5849019607843137 0.8687254901960785 0.05991830065359471 0.06174019607843151
4 0.5268137254901961 0.8542156862745097 0.023594771241830154 0.021789215686274475
4 0.48838235294117643 0.8042892156862744 0.04116013071895434 0.03629901960784301
4 0.39851307189542484 0.8301470588235293 0.052647058823529456 0.06446078431372537
4 0.17913398692810456 0.7675245098039215 0.03872549019607841 0.044485294117647005
4 0.18397058823529414 0.8265196078431373 0.09441176470588238 0.06080882352941163
5 0.4293790849673202 0.5700735294117648 0.4944281045751633 0.6899019607843138