4 0.32652343750000007 0.8359953703703703 0.11117187500000003 0.11574074074074074
4 0.24664062499999997 0.9245833333333334 0.08964843749999996 0.08814814814814824
4 0.090390625 0.8413425925925926 0.05959635416666668 0.09437499999999996
4 0.34204427083333333 0.7278240740740741 0.10717447916666671 0.06321759259259246
4 0.400390625 0.7754629629629629 0.051588541666666675 0.09615740740740732
4 0.5013020833333334 0.8173148148148148 0.07611979166666671 0.08546296296296287
4 0.5498828125 0.807962962962963 0.04407552083333336 0.07745370370370379
4 0.6034635416666666 0.8075231481481482 0.042070312500000075 0.06944444444444445
4 0.6362630208333333 0.8382407407407407 0.03154947916666669 0.07745370370370379
4 0.6522916666666666 0.7816898148148148 0.04356770833333331 0.060532407407407354
4 0.6598046875 0.8337731481481482 0.03656249999999998 0.06678240740740746
4 0.6760807291666667 0.7630092592592592 0.09515624999999998 0.06944444444444445
4 0.6613020833333333 0.6606018518518518 0.07161458333333333 0.12287037037037046
4 0.7208984374999999 0.6877777777777778 0.053580729166666785 0.0650000000000001
4 0.7066276041666667 0.6232175925925927 0.041067708333333286 0.06409722222222228
4 0.6660677083333334 0.5737962962962962 0.06610677083333338 0.1023842592592593
4 0.9244791666666666 0.6721759259259259 0.03505208333333343 0.05874999999999999
4 0.9425130208333333 0.6365740740740741 0.05408854166666662 0.06766203703703708
4 0.5205859375 0.24618055555555554 0.27894531250000004 0.1949768518518519
5 0.49755208333333334 0.4963425925925925 0.48828125 0.8217592592592593