4 0.16702614379084968 0.6953431372549019 0.1319281045751634 0.2251225490196079
4 0.5370915032679738 0.7212254901960784 0.5489052287581698 0.3295098039215687
4 0.5785457516339869 0.7888480392156864 0.18638888888888897 0.19607843137254902
4 0.6593464052287581 0.6662990196078432 0.08895424836601316 0.24147058823529408
4 0.7576797385620915 0.7253186274509804 0.07625816993464046 0.2251225490196079
4 0.5625163398692811 0.5986764705882353 0.09985294117647062 0.2641666666666666
4 0.421813725490196 0.4466176470588235 0.10045751633986931 0.1252696078431373
4 0.2856372549019608 0.4266421568627451 0.07383986928104574 0.08715686274509804
4 0.1818627450980392 0.4221078431372549 0.0756535947712418 0.09803921568627451
4 0.23995098039215684 0.42166666666666663 0.05385620915032677 0.11892156862745093
4 0.14584967320261438 0.42710784313725486 0.08109477124183005 0.09350490196078426
4 0.3509967320261438 0.4030392156862745 0.08230392156862745 0.12164215686274508
5 0.17369281045751633 0.6004901960784313 0.18517973856209152 0.4874754901960784
5 0.2962418300653595 0.5846078431372549 0.17004901960784313 0.5973039215686274
5 0.43088235294117644 0.5805147058823529 0.15250000000000002 0.6036764705882354