4 0.20455882352941177 0.6935294117647058 0.19486928104575163 0.23421568627450987
4 0.26235294117647057 0.5446568627450981 0.14705882352941177 0.13252450980392155
4 0.364624183006536 0.5532843137254903 0.10954248366013075 0.11166666666666668
4 0.4572058823529412 0.5278676470588235 0.11075163398692806 0.09531862745098035
4 0.4989705882352941 0.7738725490196079 0.24751633986928107 0.3113725490196078
4 0.528921568627451 0.5446568627450981 0.0919934640522875 0.19426470588235298
4 0.6284803921568627 0.5056372549019608 0.13857843137254894 0.17066176470588235
4 0.7758333333333333 0.46568627450980393 0.23359477124183003 0.15977941176470586
4 0.7340849673202614 0.5787009803921569 0.05446078431372556 0.07171568627450978
4 0.6762908496732026 0.8405882352941176 0.16642156862745103 0.20151960784313733
4 0.8194117647058824 0.8001960784313726 0.22754901960784313 0.24781862745098043
4 0.8563235294117648 0.7166911764705883 0.19486928104575163 0.28595588235294117
5 0.04387254901960785 0.6563235294117646 0.0877450980392157 0.1543137254901961
5 0.15462418300653594 0.6440686274509804 0.0901797385620915 0.17882352941176471
5 0.3165032679738562 0.6612990196078431 0.14887254901960786 0.3858088235294117
5 0.39609477124183007 0.6540441176470588 0.10468954248366012 0.31318627450980385
5 0.568562091503268 0.6799264705882354 0.09501633986928101 0.4774754901960785
5 0.6738725490196079 0.7085049019607843 0.11437908496732026 0.5818872549019607
5 0.8145751633986927 0.6717401960784314 0.22875816993464052 0.631813725490196