4 0.21937908496732025 0.6004901960784313 0.07565359477124185 0.08987745098039213
4 0.29411764705882354 0.5936764705882352 0.07746732026143785 0.07987745098039209
4 0.3779411764705883 0.5936764705882352 0.0659640522875817 0.06536764705882357
4 0.45782679738562093 0.6150245098039215 0.04781045751633985 0.03723039215686281
4 0.5389052287581699 0.6100245098039215 0.06112745098039211 0.052647058823529456
4 0.6287745098039216 0.6073039215686274 0.06415032679738561 0.05990196078431372
4 0.7016993464052288 0.6063970588235295 0.09380718954248361 0.06174019607843137
4 0.7746241830065359 0.6009558823529412 0.07746732026143785 0.07625000000000004
4 0.7843137254901961 0.7557107843137254 0.1549183006535947 0.09713235294117646
4 0.7604084967320262 0.7538970588235293 0.08169934640522876 0.09531862745098035
4 0.7059477124183007 0.7675245098039215 0.0695915032679739 0.08806372549019596
4 0.5147058823529411 0.775686274509804 0.04418300653594765 0.053553921568627504
4 0.4726470588235294 0.7793137254901961 0.03872549019607851 0.05899509803921581
4 0.4166666666666667 0.7711519607843137 0.11437908496732026 0.07534313725490198
4 0.2935130718954248 0.7688725490196078 0.07746732026143785 0.049019607843137254
4 0.24933006535947713 0.746642156862745 0.052042483660130756 0.06808823529411757
4 0.20545751633986928 0.741642156862745 0.09380718954248365 0.07262254901960784
5 0.21696078431372548 0.6753921568627451 0.08895424836601307 0.23965686274509798
5 0.2907843137254902 0.663578431372549 0.08532679738562086 0.29049019607843135
5 0.3791503267973856 0.6762990196078431 0.0647549019607843 0.24691176470588239
5 0.4593300653594771 0.6958088235294118 0.11619281045751637 0.2460049019607843
5 0.5434477124183006 0.6871813725490196 0.07383986928104566 0.2541666666666667
5 0.6284803921568627 0.6803676470588235 0.08411764705882356 0.25688725490196085
5 0.7083660130718954 0.6753921568627451 0.07565359477124176 0.23056372549019613
5 0.7894607843137255 0.6712990196078431 0.08532679738562096 0.23874999999999993