5 0.5371732026143791 0.4738562091503268 0.5106209150326797 0.8896078431372547
4 0.4415196078431372 0.09213507625272331 0.2525816993464053 0.16431372549019607
4 0.3400653594771242 0.22013071895424838 0.08782679738562091 0.13163398692810455
4 0.40338235294117647 0.22376906318082784 0.05514705882352941 0.11710239651416118
4 0.4772549019607843 0.2428322440087146 0.06263071895424843 0.12618736383442264
4 0.5439869281045752 0.2391938997821351 0.04493464052287582 0.09167755991285406
4 0.5181045751633987 0.10302832244008714 0.08442810457516334 0.11529411764705882
4 0.43369281045751634 0.11755991285403052 0.08442810457516338 0.08986928104575165
4 0.3724183006535947 0.09167755991285402 0.09395424836601303 0.17248366013071892
4 0.2920751633986928 0.7262091503267973 0.06944444444444445 0.09984749455337699
4 0.3492647058823529 0.7602614379084967 0.04493464052287582 0.09167755991285412
4 0.3925 0.7430065359477125 0.03336601307189545 0.0535511982570807
4 0.4530882352941177 0.7511764705882353 0.08509803921568629 0.0789760348583878
4 0.47759803921568633 0.7393681917211329 0.08374183006535947 0.06989106753812645
4 0.5290032679738562 0.724400871459695 0.03812091503267981 0.030871459694989018
4 0.5633823529411766 0.7307625272331155 0.02928104575163392 0.06899782135076243
4 0.6011764705882353 0.8115468409586056 0.05718954248366013 0.09440087145969508
4 0.6576797385620915 0.7389324618736384 0.08714052287581706 0.0907843137254901
4 0.690702614379085 0.7107843137254902 0.0810130718954249 0.08169934640522876
4 0.7318954248366013 0.7420915032679739 0.07217320261437901 0.11529411764705873
4 0.777843137254902 0.7902178649237472 0.13140522875816987 0.10076252723311546
4 0.6811601307189542 0.8188017429193899 0.10552287581699353 0.08169934640522876
4 0.8381045751633986 0.8732679738562091 0.18109477124183004 0.11618736383442274
4 0.7931699346405229 0.9245751633986928 0.09531045751633993 0.06989106753812645
4 0.4153104575163398 0.9032244008714596 0.10485294117647062 0.08714596949891068
4 0.8636274509803921 0.775686274509804 0.07421568627450983 0.08442265795206971
4 0.9633660130718955 0.7416557734204794 0.05446078431372537 0.058104575163398606
4 0.9167320261437908 0.8533115468409587 0.046977124183006536 0.09440087145969508
4 0.9735130718954248 0.8986928104575164 0.05297385620915045 0.08533769063180818
4 0.8524019607843136 0.9604139433551198 0.15387254901960787 0.07625272331154684