4 0.10784313725490197 0.6454248366013072 0.2034313725490196 0.05718954248366013
4 0.11029411764705882 0.4534313725490196 0.09313725490196079 0.03431372549019608
4 0.21568627450980393 0.4019607843137255 0.09803921568627451 0.027777777777777776
4 0.5759803921568627 0.3472222222222222 0.10784313725490197 0.05718954248366013
4 0.6850490196078431 0.3292483660130719 0.14460784313725492 0.07516339869281045
4 0.7022058823529411 0.27369281045751637 0.1323529411764706 0.05718954248366013
4 0.6973039215686274 0.22549019607843138 0.061274509803921566 0.04738562091503268
4 0.5980392156862745 0.2238562091503268 0.10784313725490197 0.0392156862745098
4 0.4840686274509804 0.28104575163398693 0.07598039215686274 0.04411764705882353
4 0.4387254901960784 0.3006535947712418 0.0784313725490196 0.027777777777777776
4 0.4252450980392157 0.5032679738562091 0.11274509803921569 0.09313725490196079
4 0.44730392156862747 0.5441176470588235 0.11764705882352941 0.07516339869281045
4 0.5367647058823529 0.5334967320261438 0.16911764705882354 0.07026143790849673
4 0.6691176470588235 0.511437908496732 0.12009803921568628 0.08660130718954248
4 0.7009803921568627 0.48284313725490197 0.14950980392156862 0.07679738562091504
4 0.7524509803921569 0.5424836601307189 0.11519607843137254 0.05555555555555555
4 0.8075980392156863 0.4730392156862745 0.1053921568627451 0.08986928104575163
4 0.7524509803921569 0.4264705882352941 0.09803921568627451 0.06045751633986928
4 0.7328431372549019 0.45588235294117646 0.11029411764705882 0.05555555555555555
4 0.7536764705882353 0.3929738562091503 0.09313725490196079 0.06699346405228758
4 0.6911764705882353 0.380718954248366 0.041666666666666664 0.042483660130718956
4 0.5919117647058824 0.6772875816993464 0.28921568627450983 0.10130718954248366
4 0.7634803921568627 0.6021241830065359 0.24754901960784315 0.08496732026143791
4 0.26348039215686275 0.7116013071895425 0.18627450980392157 0.10784313725490197
4 0.25735294117647056 0.7630718954248366 0.15931372549019607 0.07026143790849673
4 0.39950980392156865 0.9142156862745098 0.2622549019607843 0.13071895424836602
4 0.5196078431372549 0.8921568627450981 0.1715686274509804 0.058823529411764705
4 0.5943627450980392 0.9362745098039216 0.20588235294117646 0.09477124183006536
4 0.8112745098039216 0.8733660130718954 0.3333333333333333 0.19281045751633988
4 0.5404411764705882 0.8014705882352942 0.18137254901960784 0.09803921568627451
4 0.6911764705882353 0.7638888888888888 0.2426470588235294 0.11764705882352941
4 0.9693627450980392 0.2647058823529412 0.061274509803921566 0.042483660130718956
4 0.9240196078431373 0.24509803921568626 0.15196078431372548 0.0392156862745098
4 0.9031862745098039 0.21895424836601307 0.0661764705882353 0.03594771241830065
4 0.11029411764705882 0.21977124183006536 0.12009803921568628 0.03431372549019608