5 0.5392156862745098 0.4583333333333333 0.3464052287581699 0.8455882352941176
4 0.5555555555555556 0.2696078431372549 0.1650326797385621 0.16666666666666666
4 0.4877450980392157 0.14583333333333334 0.2696078431372549 0.20588235294117646
4 0.22058823529411764 0.9852941176470589 0.12745098039215685 0.029411764705882353
4 0.17973856209150327 0.8651960784313726 0.11274509803921569 0.16666666666666666
4 0.2361111111111111 0.6924019607843137 0.042483660130718956 0.13480392156862744
4 0.3104575163398693 0.6678921568627451 0.06209150326797386 0.09313725490196079
4 0.3382352941176471 0.8063725490196079 0.26633986928104575 0.36764705882352944
4 0.5702614379084967 0.8100490196078431 0.2581699346405229 0.25245098039215685
4 0.7312091503267973 0.6850490196078431 0.25 0.3431372549019608
4 0.9060457516339869 0.6654411764705882 0.08333333333333333 0.0784313725490196
4 0.8725490196078431 0.7818627450980392 0.05228758169934641 0.07598039215686274