5 0.33669934640522875 0.5181250000000001 0.29807189542483653 0.7765178571428573
5 0.6370098039215687 0.5046130952380953 0.27480392156862754 0.7963690476190477
4 0.3342320261437909 0.20833333333333334 0.22975490196078432 0.15511904761904763
4 0.043823529411764706 0.7638988095238096 0.08764705882352941 0.1425
4 0.15498366013071896 0.7792261904761905 0.15151960784313728 0.1352678571428572
4 0.1703267973856209 0.7508035714285715 0.09011437908496733 0.20473214285714292
4 0.2277614379084967 0.727827380952381 0.10991830065359474 0.2922023809523809
4 0.612892156862745 0.764345238095238 0.7742156862745099 0.31116071428571423
4 0.2993137254901961 0.6971428571428572 0.06287581699346408 0.08476190476190482
4 0.3102124183006536 0.7995238095238095 0.11537581699346408 0.13437499999999994
4 0.3872058823529412 0.7778571428571429 0.05941176470588237 0.11633928571428581
4 0.4250816993464052 0.6966964285714285 0.06982026143790852 0.13258928571428574
4 0.45380718954248367 0.5632142857142858 0.056944444444444485 0.19389880952380945
4 0.5077777777777778 0.5460714285714285 0.06982026143790852 0.15241071428571423
4 0.5109967320261438 0.6953571428571428 0.08120915032679746 0.14791666666666672
4 0.46692810457516337 0.7941071428571428 0.07426470588235301 0.11452380952380958
4 0.42037581699346405 0.8473214285714286 0.08318627450980387 0.13619047619047617
4 0.47558823529411764 0.8432440476190476 0.046045751633986845 0.15333333333333327
4 0.5347549019607842 0.8157440476190475 0.07723856209150323 0.18669642857142862
4 0.5738725490196078 0.7526190476190476 0.06535947712418301 0.17226190476190475
4 0.5763562091503268 0.8270238095238095 0.07426470588235301 0.18940476190476185
4 0.6204248366013072 0.7972619047619047 0.04852941176470596 0.1839880952380953
4 0.631062091503268 0.7079761904761904 0.06486928104575171 0.08476190476190482
4 0.6479084967320261 0.6615178571428572 0.093578431372549 0.10550595238095235
4 0.7048366013071896 0.6407738095238096 0.05892156862745089 0.10732142857142858
4 0.684297385620915 0.7458630952380952 0.06040849673202619 0.15872023809523814
4 0.6696895424836602 0.8238690476190476 0.09952614379084962 0.15782738095238086
4 0.714248366013072 0.7841666666666667 0.05001633986928107 0.17946428571428566
4 0.7409803921568627 0.7972619047619047 0.05297385620915026 0.16235119047619043
4 0.6887581699346405 0.8707738095238095 0.09903594771241832 0.07306547619047606
4 0.7870424836601307 0.8247619047619048 0.07575163398692812 0.10011904761904758
4 0.780359477124183 0.7449404761904762 0.0623856209150326 0.10101190476190466
4 0.7845588235294118 0.6763988095238096 0.046045751633986845 0.08476190476190482
4 0.7843137254901961 0.6317559523809524 0.0911111111111111 0.12895833333333329
4 0.7521241830065359 0.5451785714285714 0.08516339869281046 0.14160714285714282
4 0.8105555555555556 0.5600595238095238 0.0970424836601307 0.17136904761904756
4 0.8489379084967319 0.6480059523809525 0.09754901960784321 0.22997023809523812
4 0.8306045751633986 0.7327678571428573 0.08169934640522866 0.1127380952380953
4 0.8330882352941177 0.7932142857142856 0.08070261437908503 0.12535714285714286
4 0.9263235294117647 0.825654761904762 0.1473529411764707 0.16502976190476196
4 0.9365686274509804 0.72375 0.12625816993464048 0.15422619047619054
4 0.6327941176470588 0.20473214285714286 0.20795751633986925 0.1298809523809524
4 0.5362418300653595 0.304375 0.056454248366012996 0.08568452380952378
4 0.6474019607843137 0.3057440476190476 0.13815359477124176 0.11904761904761904