4 0.2900326797385621 0.17429193899782136 0.2437418300653594 0.24873638344226584
4 0.8880718954248366 0.058823529411764705 0.2238562091503268 0.11764705882352941
4 0.8891666666666665 0.28322440087145967 0.15795751633986932 0.14705882352941177
4 0.9796405228758169 0.351764705882353 0.040718954248366135 0.1243572984749455
4 0.5735947712418301 0.42437908496732024 0.7645751633986927 0.5237908496732027
4 0.47862745098039217 0.7484531590413944 0.16475490196078432 0.16793028322440096
4 0.3216830065359477 0.7557080610021787 0.11506535947712421 0.1388888888888889
4 0.05957516339869282 0.796557734204793 0.11642156862745098 0.16248366013071905
4 0.05753267973856209 0.9168409586056645 0.02928104575163399 0.06172113289760357
4 0.17769607843137256 0.6849019607843138 0.06400326797385623 0.08806100217864915
4 0.2811764705882353 0.869193899782135 0.08714052287581697 0.14797385620915024
4 0.16679738562091503 0.9788453159041395 0.08169934640522876 0.04230936819172104
4 0.3744607843137255 0.8986928104575164 0.058545751633986905 0.08533769063180818
4 0.5347875816993465 0.93 0.0755718954248366 0.0789760348583878