4 0.39316993464052286 0.46296296296296297 0.1627124183006536 0.10712418300653598
4 0.36900326797385624 0.564640522875817 0.22331699346405232 0.13252723311546843
4 0.29513071895424836 0.7343790849673202 0.16544117647058823 0.18154684095860577
4 0.15352941176470586 0.8378649237472766 0.05923202614379085 0.06899782135076243
4 0.5470424836601308 0.7484531590413944 0.38875816993464046 0.25326797385620914
4 0.712483660130719 0.867363834422658 0.027908496732026212 0.04448801742919381
4 0.7043137254901961 0.9100435729847494 0.05241830065359484 0.039041394335511896
4 0.48271241830065365 0.867363834422658 0.02995098039215693 0.039041394335511896
4 0.43232026143790847 0.8986928104575164 0.04084967320261438 0.04721132897603477
4 0.4840686274509804 0.9309150326797386 0.042205882352941246 0.039041394335511896
4 0.8786111111111111 0.7375599128540306 0.09464052287581702 0.09712418300653604
4 0.7652450980392157 0.7316557734204793 0.08986928104575163 0.10529411764705891
4 0.6216013071895425 0.5709803921568627 0.10620915032679738 0.10529411764705886
4 0.7369934640522876 0.6227233115468409 0.13957516339869275 0.11074074074074083
4 0.8537581699346405 0.6363398692810457 0.10756535947712416 0.07261437908496741
4 0.974607843137255 0.5886928104575163 0.04424836601307178 0.06808278867102396