5 0.6490885416666666 0.5486111111111112 0.37890625 0.8356481481481481
4 0.96875 0.625 0.0625 0.2638888888888889
4 0.892578125 0.6689814814814815 0.10416666666666667 0.15046296296296297
4 0.953125 0.14930555555555555 0.059895833333333336 0.1111111111111111
4 0.78515625 0.2488425925925926 0.07942708333333333 0.09953703703703703
4 0.802734375 0.44675925925925924 0.05078125 0.12268518518518519
4 0.7994791666666666 0.6226851851851852 0.04296875 0.1111111111111111
4 0.4752604166666667 0.8402777777777778 0.1171875 0.22685185185185186
4 0.6438802083333334 0.9166666666666666 0.10026041666666667 0.16666666666666666
4 0.4837239583333333 0.49537037037037035 0.07942708333333333 0.18055555555555555
4 0.46484375 0.2708333333333333 0.06510416666666667 0.09490740740740741
4 0.310546875 0.32175925925925924 0.08463541666666667 0.12037037037037036
4 0.3450520833333333 0.8240740740740741 0.07552083333333333 0.16435185185185186
4 0.2688802083333333 0.8645833333333334 0.08723958333333333 0.18518518518518517
4 0.32421875 0.9328703703703703 0.15755208333333334 0.13425925925925927
4 0.630859375 0.29282407407407407 0.2838541666666667 0.3611111111111111