4 0.5600490196078431 0.6331699346405228 0.35049019607843135 0.18627450980392157
4 0.40441176470588236 0.7581699346405228 0.3700980392156863 0.1650326797385621
4 0.37745098039215685 0.6552287581699346 0.14460784313725492 0.0915032679738562
4 0.2977941176470588 0.6111111111111112 0.1053921568627451 0.06372549019607843
4 0.22426470588235295 0.6821895424836601 0.20588235294117646 0.1781045751633987
4 0.16911764705882354 0.5776143790849673 0.19607843137254902 0.14869281045751634
4 0.4387254901960784 0.24591503267973855 0.5024509803921569 0.0915032679738562
4 0.7818627450980392 0.5318627450980392 0.28431372549019607 0.26143790849673204
4 0.8259803921568627 0.7189542483660131 0.3480392156862745 0.20915032679738563
4 0.6495098039215687 0.8341503267973857 0.22549019607843138 0.12091503267973856
5 0.47671568627450983 0.4910130718954248 0.7916666666666666 0.7777777777777778