5 0.5239651416122004 0.375 0.3681917211328976 0.7205882352941176
4 0.8344226579520697 0.6952614379084967 0.22657952069716775 0.1437908496732026
4 0.5087145969498911 0.7598039215686274 0.2047930283224401 0.12418300653594772
4 0.7549019607843137 0.9035947712418301 0.13071895424836602 0.1111111111111111
4 0.6078431372549019 0.9174836601307189 0.14814814814814814 0.13071895424836602
4 0.48148148148148145 0.9191176470588235 0.06535947712418301 0.09313725490196079
4 0.275599128540305 0.8521241830065359 0.13507625272331156 0.09477124183006536
4 0.17647058823529413 0.8129084967320261 0.13071895424836602 0.10947712418300654
4 0.46078431372549017 0.238562091503268 0.39215686274509803 0.28431372549019607
4 0.4793028322440087 0.06454248366013073 0.19825708061002179 0.06372549019607843
4 0.04139433551198257 0.5947712418300654 0.06971677559912855 0.058823529411764705