4 0.8169934640522876 0.6593137254901961 0.10294117647058823 0.13725490196078433
4 0.7066993464052288 0.6973039215686274 0.16339869281045752 0.24019607843137256
4 0.6593137254901961 0.6188725490196079 0.12091503267973856 0.14460784313725492
4 0.5522875816993464 0.5637254901960784 0.16993464052287582 0.12009803921568628
4 0.5743464052287581 0.6593137254901961 0.1454248366013072 0.22058823529411764
4 0.7083333333333334 0.8382352941176471 0.10457516339869281 0.10784313725490197
4 0.9011437908496732 0.7303921568627451 0.03431372549019608 0.061274509803921566
4 0.9746732026143791 0.7990196078431373 0.03431372549019608 0.05392156862745098
4 0.9697712418300654 0.8627450980392157 0.06045751633986928 0.06862745098039216
4 0.9754901960784313 0.678921568627451 0.049019607843137254 0.049019607843137254
4 0.8202614379084967 0.9436274509803921 0.06535947712418301 0.051470588235294115
4 0.6764705882352942 0.9105392156862745 0.04084967320261438 0.03431372549019608
4 0.6454248366013072 0.9350490196078431 0.042483660130718956 0.0392156862745098
4 0.6413398692810458 0.8615196078431373 0.06372549019607843 0.06372549019607843
4 0.6004901960784313 0.7794117647058824 0.07516339869281045 0.1053921568627451
4 0.5408496732026143 0.7843137254901961 0.05228758169934641 0.09803921568627451
4 0.4852941176470588 0.8406862745098039 0.0718954248366013 0.09803921568627451
4 0.4387254901960784 0.7904411764705882 0.12908496732026145 0.08088235294117647
4 0.4297385620915033 0.7230392156862745 0.15359477124183007 0.1053921568627451
4 0.4264705882352941 0.6115196078431373 0.1388888888888889 0.14950980392156862
4 0.19934640522875818 0.6715686274509803 0.39869281045751637 0.38235294117647056
4 0.2973856209150327 0.8468137254901961 0.07352941176470588 0.06372549019607843
4 0.24673202614379086 0.8651960784313726 0.05228758169934641 0.07107843137254902
4 0.27450980392156865 0.9068627450980392 0.07352941176470588 0.061274509803921566
4 0.17320261437908496 0.9215686274509803 0.08823529411764706 0.07598039215686274
4 0.31781045751633985 0.9742647058823529 0.11601307189542484 0.051470588235294115