4 0.07682291666666667 0.39814814814814814 0.078125 0.09490740740740741
4 0.016927083333333332 0.41087962962962965 0.033854166666666664 0.08101851851851852
4 0.08463541666666667 0.5844907407407407 0.16927083333333334 0.2152777777777778
4 0.30859375 0.6238425925925926 0.3346354166666667 0.24305555555555555
4 0.5520833333333334 0.7256944444444444 0.07291666666666667 0.10185185185185185
4 0.6087239583333334 0.7175925925925926 0.08723958333333333 0.14583333333333334
4 0.705078125 0.7615740740740741 0.16276041666666666 0.16666666666666666
4 0.8177083333333334 0.7708333333333334 0.07161458333333333 0.07407407407407407
4 0.8092447916666666 0.8101851851851852 0.048177083333333336 0.05555555555555555
4 0.8450520833333334 0.8182870370370371 0.044270833333333336 0.06712962962962964
4 0.8841145833333334 0.7974537037037037 0.0703125 0.06481481481481481
4 0.8997395833333334 0.8310185185185185 0.06510416666666667 0.08333333333333333
4 0.9518229166666666 0.8553240740740741 0.048177083333333336 0.06944444444444445
4 0.5970052083333334 0.5729166666666666 0.057291666666666664 0.06018518518518518
4 0.5436197916666666 0.6180555555555556 0.0546875 0.07175925925925926
4 0.4485677083333333 0.47337962962962965 0.08203125 0.10185185185185185