4 0.23751633986928106 0.04914004914004914 0.11671568627450982 0.09828009828009827
4 0.2576470588235294 0.09081081081081081 0.11379084967320259 0.13601965601965602
4 0.2871078431372549 0.14434889434889434 0.12838235294117645 0.13953316953316952
4 0.3171732026143791 0.2128009828009828 0.1324673202614379 0.17638820638820638
4 0.3478104575163399 0.2588697788697789 0.14472222222222217 0.17199017199017202
4 0.38544117647058823 0.31063882063882065 0.14764705882352944 0.20358722358722361
4 0.3869117647058824 0.4391891891891892 0.08519607843137257 0.1325061425061425
4 0.4099509803921568 0.562923832923833 0.11962418300653596 0.10090909090909089
4 0.5234640522875817 0.44665847665847663 0.047859477124182946 0.07196560196560202
4 0.5091666666666667 0.5071990171990172 0.09629084967320253 0.06845208845208849
4 0.6174183006535948 0.5672972972972973 0.1400490196078432 0.1851597051597052
4 0.7312091503267973 0.601081081081081 0.10620915032679738 0.18427518427518427
4 0.7895588235294118 0.7068304668304668 0.07468954248366019 0.13073710073710082
4 0.8470424836601307 0.7958968058968059 0.16864379084967326 0.1421621621621622
4 0.7746895424836602 0.866977886977887 0.046094771241830125 0.04914004914004914
4 0.7586437908496733 0.9323341523341523 0.052516339869281024 0.051769041769041894
4 0.8269117647058822 0.8652088452088452 0.04200980392156859 0.05791154791154803
4 0.8166993464052288 0.9826289926289926 0.04960784313725492 0.03474201474201471
4 0.9237908496732027 0.9104176904176905 0.07119281045751624 0.08687960687960691
4 0.9433333333333335 0.8384520884520884 0.03209150326797402 0.06582309582309573
4 0.9750163398692812 0.941990171990172 0.04995098039215676 0.11496314496314487
4 0.9141503267973857 0.9848157248157248 0.06011437908496726 0.030368550368550403
4 0.42104575163398694 0.8296805896805897 0.2013235294117647 0.09388206388206397
4 0.33147058823529413 0.7971990171990172 0.08519607843137253 0.07459459459459462
4 0.3276797385620915 0.9051351351351351 0.13480392156862744 0.11496314496314487
4 0.12313725490196079 0.8954791154791154 0.1458986928104575 0.0991646191646192
4 0.2839052287581699 0.6857739557739558 0.05426470588235291 0.05528255528255528
4 0.24334967320261439 0.6344226044226043 0.033839869281045716 0.05439803439803437
4 0.22379084967320262 0.6747911547911548 0.04377450980392158 0.05088452088452097
4 0.04843137254901961 0.623022113022113 0.04200980392156863 0.03859950859950862
4 0.2576470588235294 0.7239312039312039 0.04493464052287582 0.04036855036855025
4 0.336421568627451 0.7015724815724816 0.039101307189542495 0.03597051597051594
4 0.41929738562091506 0.7024324324324324 0.04026143790849671 0.037739557739557776
4 0.4545915032679738 0.6927764127764128 0.032679738562091505 0.032457002457002546
4 0.44789215686274514 0.7099017199017199 0.029754901960784372 0.04211302211302208
4 0.5225816993464052 0.6405651105651106 0.07294117647058822 0.07545454545454547
4 0.5494281045751634 0.7142751842751842 0.07761437908496732 0.09828009828009827
4 0.5462254901960785 0.7660687960687961 0.06769607843137247 0.085995085995086
4 0.5698529411764706 0.8099262899262899 0.04143790849673205 0.04739557739557731
4 0.6673039215686274 0.8226535626535626 0.07060457516339876 0.06756756756756757
4 0.21446078431372548 0.34660933660933657 0.07294117647058822 0.04036855036855039
4 0.2445098039215686 0.4804422604422604 0.03151960784313729 0.04474201474201469
4 0.2900326797385621 0.47341523341523345 0.05017973856209147 0.05353808353808359
4 0.13947712418300653 0.32380835380835377 0.04200980392156864 0.03511056511056512
4 0.11612745098039215 0.25184275184275184 0.07352941176470588 0.07019656019656018
4 0.1978267973856209 0.2606142506142506 0.028006535947712397 0.0280835380835381
4 0.21008169934640522 0.229017199017199 0.04084967320261438 0.04036855036855039
4 0.2217483660130719 0.27245700245700244 0.03501633986928106 0.046511056511056525
4 0.1902450980392157 0.1597051597051597 0.045522875816993484 0.06142506142506143
4 0.1596078431372549 0.15444717444717446 0.028594771241830064 0.036855036855036855
4 0.09892156862745098 0.05746928746928747 0.03209150326797386 0.03773955773955774