4 0.7066993464052288 0.3394607843137255 0.14705882352941177 0.15441176470588236
4 0.42320261437908496 0.34191176470588236 0.23366013071895425 0.19117647058823528
4 0.1919934640522876 0.2928921568627451 0.20751633986928106 0.22058823529411764
4 0.2826797385620915 0.616421568627451 0.10620915032679738 0.40931372549019607
4 0.19117647058823528 0.8553921568627451 0.03758169934640523 0.08333333333333333
4 0.10375816993464053 0.8419117647058824 0.05718954248366013 0.0661764705882353
4 0.06535947712418301 0.8566176470588235 0.04411764705882353 0.058823529411764705
4 0.05065359477124183 0.7904411764705882 0.04084967320261438 0.06372549019607843
4 0.25980392156862747 0.8431372549019608 0.05228758169934641 0.058823529411764705
4 0.3227124183006536 0.8223039215686274 0.08169934640522876 0.09558823529411764
4 0.31209150326797386 0.8762254901960784 0.06699346405228758 0.041666666666666664
4 0.4207516339869281 0.9191176470588235 0.06372549019607843 0.07598039215686274
4 0.48447712418300654 0.9056372549019608 0.07352941176470588 0.0392156862745098
4 0.3937908496732026 0.8308823529411765 0.05718954248366013 0.06862745098039216
4 0.44607843137254904 0.8308823529411765 0.0718954248366013 0.08823529411764706
4 0.5049019607843137 0.8357843137254902 0.0392156862745098 0.061274509803921566
4 0.5604575163398693 0.8517156862745098 0.08169934640522876 0.07352941176470588
4 0.5800653594771242 0.8296568627450981 0.032679738562091505 0.051470588235294115
4 0.5718954248366013 0.7659313725490197 0.032679738562091505 0.10294117647058823
4 0.6037581699346405 0.7218137254901961 0.12581699346405228 0.14950980392156862
4 0.6821895424836601 0.7830882352941176 0.04411764705882353 0.0661764705882353
4 0.8937908496732027 0.7867647058823529 0.03431372549019608 0.04411764705882353
4 0.9223856209150327 0.8088235294117647 0.0392156862745098 0.0392156862745098
4 0.8676470588235294 0.7977941176470589 0.0392156862745098 0.041666666666666664
4 0.8341503267973857 0.7879901960784313 0.03431372549019608 0.051470588235294115
4 0.8006535947712419 0.7745098039215687 0.04411764705882353 0.04656862745098039
4 0.7892156862745098 0.7487745098039216 0.06045751633986928 0.0857843137254902
4 0.8880718954248366 0.4019607843137255 0.12908496732026145 0.125
5 0.8839869281045751 0.5661764705882353 0.20098039215686275 0.4803921568627451
5 0.7075163398692811 0.4950980392156863 0.19607843137254902 0.6274509803921569
5 0.5367647058823529 0.5465686274509803 0.12418300653594772 0.571078431372549
5 0.4166666666666667 0.5502450980392157 0.23039215686274508 0.6568627450980392
5 0.16748366013071894 0.5245098039215687 0.23202614379084968 0.7009803921568627