4 0.27383986928104576 0.816985294117647 0.09743464052287582 0.1288970588235295
4 0.33830065359477124 0.7271323529411765 0.09803921568627451 0.14524509803921568
4 0.37673202614379087 0.6445098039215685 0.09622549019607841 0.14161764705882346
4 0.39578431372549017 0.6023039215686274 0.06656862745098036 0.09169117647058815
4 0.43482026143790853 0.512892156862745 0.05385620915032681 0.07443627450980393
4 0.4693137254901961 0.4393627450980392 0.04176470588235285 0.06174019607843137
4 0.5446568627450981 0.4016911764705882 0.029052287581699303 0.04811274509803921
4 0.5700816993464052 0.45752450980392156 0.031470588235294104 0.05446078431372542
4 0.6236437908496733 0.5787009803921569 0.04176470588235285 0.05899509803921567
4 0.6578267973856209 0.6277205882352942 0.032679738562091505 0.04992647058823531
4 0.6402777777777778 0.7797794117647058 0.07019607843137261 0.11620098039215679
4 0.6066993464052288 0.3817156862745098 0.03570261437908501 0.03539215686274509
4 0.6278758169934641 0.39625 0.033284313725490206 0.03723039215686274
4 0.6602450980392157 0.42120098039215687 0.04599673202614375 0.034485294117647045
4 0.7325653594771242 0.42573529411764705 0.04297385620915025 0.030857843137254842
4 0.8179084967320261 0.43754901960784315 0.032075163398692805 0.05990196078431372
4 0.7731209150326797 0.4888235294117647 0.028447712418300602 0.046299019607843106
4 0.7222875816993465 0.5124264705882353 0.0708006535947713 0.053553921568627504
4 0.728937908496732 0.5968627450980393 0.13736928104575152 0.20605392156862742
4 0.6944444444444444 0.733014705882353 0.051437908496732056 0.09350490196078426
4 0.6902124183006536 0.8478676470588236 0.09864379084967322 0.11620098039215679
4 0.7649509803921568 0.776593137254902 0.07746732026143785 0.15522058823529422
4 0.9469281045751634 0.737107843137255 0.10614379084967326 0.24691176470588239
4 0.8684640522875817 0.7990196078431373 0.2630718954248366 0.4019607843137255
4 0.9047385620915034 0.4540441176470588 0.06656862745098041 0.07443627450980393
4 0.8856862745098039 0.539828431372549 0.07321895424836593 0.046299019607843106
4 0.1503921568627451 0.7504411764705883 0.10833333333333331 0.09713235294117646
4 0.2989542483660131 0.6428676470588236 0.04599673202614375 0.11075980392156855
4 0.2650653594771242 0.4558578431372549 0.0907843137254902 0.0944117647058823
4 0.4103104575163399 0.3986764705882353 0.06777777777777781 0.04720588235294115
4 0.4478267973856209 0.39276960784313725 0.05566993464052296 0.03176470588235289
5 0.19910130718954247 0.5961029411764706 0.1186111111111111 0.29321078431372544
5 0.25931372549019605 0.5421078431372549 0.07321895424836601 0.3231617647058824
5 0.3927614379084967 0.4903676470588235 0.11256535947712416 0.17428921568627453
5 0.4532843137254902 0.4231862745098039 0.06173202614379081 0.10529411764705877
5 0.5485947712418301 0.39458333333333334 0.04297385620915025 0.07715686274509809
5 0.6066993464052288 0.4150245098039216 0.0659640522875817 0.1252696078431373
5 0.6554084967320262 0.47355392156862747 0.09924836601307191 0.1861029411764706
5 0.7495098039215686 0.5588970588235295 0.17125816993464063 0.36039215686274517
5 0.8457352941176471 0.6700980392156862 0.24993464052287587 0.5137990196078431