5 0.7777777777777778 0.5686274509803921 0.38562091503267976 0.8627450980392157
5 0.45588235294117646 0.5563725490196079 0.44281045751633985 0.8504901960784313
4 0.5686274509803921 0.23284313725490197 0.23366013071895425 0.2107843137254902
4 0.4133986928104575 0.31985294117647056 0.15196078431372548 0.20098039215686275
4 0.38235294117647056 0.4534313725490196 0.14705882352941177 0.22058823529411764
4 0.40032679738562094 0.6029411764705882 0.17320261437908496 0.23774509803921567
4 0.3709150326797386 0.7990196078431373 0.2826797385620915 0.25735294117647056
4 0.28513071895424835 0.5968137254901961 0.13398692810457516 0.22303921568627452
4 0.18055555555555555 0.4424019607843137 0.22058823529411764 0.33088235294117646
4 0.07761437908496732 0.5208333333333334 0.15522875816993464 0.2818627450980392
4 0.1503267973856209 0.7598039215686274 0.3006535947712418 0.37254901960784315
4 0.5980392156862745 0.8063725490196079 0.1454248366013072 0.27450980392156865
4 0.7655228758169934 0.8198529411764706 0.2630718954248366 0.3602941176470588
4 0.8398692810457516 0.8762254901960784 0.21241830065359477 0.24754901960784315
4 0.9248366013071896 0.8700980392156863 0.11437908496732026 0.25980392156862747
4 0.8660130718954249 0.7230392156862745 0.19607843137254902 0.3333333333333333
4 0.9281045751633987 0.5723039215686274 0.1437908496732026 0.36519607843137253
4 0.8325163398692811 0.5894607843137255 0.12254901960784313 0.2622549019607843