4 0.4526143790849673 0.6342364532019704 0.29248366013071897 0.25862068965517243
4 0.678921568627451 0.26108374384236455 0.1111111111111111 0.13793103448275862
4 0.6413398692810458 0.18226600985221675 0.07352941176470588 0.11576354679802955
4 0.6895424836601307 0.17610837438423646 0.06045751633986928 0.10591133004926108
4 0.6519607843137255 0.12192118226600986 0.07679738562091504 0.08620689655172414
4 0.701797385620915 0.1145320197044335 0.042483660130718956 0.09852216748768473
4 0.7140522875816994 0.05665024630541872 0.0784313725490196 0.11330049261083744
4 0.7908496732026143 0.04926108374384237 0.08496732026143791 0.09852216748768473
4 0.8521241830065359 0.038177339901477834 0.07026143790849673 0.07635467980295567
4 0.940359477124183 0.013546798029556651 0.05718954248366013 0.027093596059113302
4 0.7892156862745098 0.020935960591133004 0.05555555555555555 0.04187192118226601
4 0.9158496732026143 0.5443349753694581 0.06862745098039216 0.10837438423645321
4 0.8700980392156863 0.3054187192118227 0.07352941176470588 0.06896551724137931
4 0.8897058823529411 0.18842364532019704 0.049019607843137254 0.04433497536945813
4 0.809640522875817 0.17610837438423646 0.10130718954248366 0.0812807881773399
4 0.5923202614379085 0.24261083743842365 0.026143790849673203 0.07881773399014778
4 0.545751633986928 0.29679802955665024 0.0457516339869281 0.06157635467980296
4 0.6013071895424836 0.29926108374384236 0.0392156862745098 0.04926108374384237
4 0.5302287581699346 0.3620689655172414 0.029411764705882353 0.03201970443349754
4 0.4264705882352941 0.4273399014778325 0.0457516339869281 0.046798029556650245
4 0.5236928104575164 0.4039408866995074 0.04411764705882353 0.03940886699507389
4 0.5612745098039216 0.39285714285714285 0.049019607843137254 0.05172413793103448
4 0.6683006535947712 0.39532019704433496 0.0392156862745098 0.04926108374384237
4 0.7344771241830066 0.3657635467980296 0.0457516339869281 0.054187192118226604
4 0.7712418300653595 0.4027093596059113 0.05228758169934641 0.06157635467980296
4 0.7712418300653595 0.3682266009852217 0.03594771241830065 0.05172413793103448
4 0.6625816993464052 0.6083743842364532 0.049019607843137254 0.06157635467980296
4 0.6756535947712419 0.6798029556650246 0.05228758169934641 0.04187192118226601
4 0.6331699346405228 0.7229064039408867 0.05065359477124183 0.054187192118226604
4 0.5138888888888888 0.770935960591133 0.1503267973856209 0.1206896551724138
4 0.5326797385620915 0.8349753694581281 0.06045751633986928 0.07389162561576355
4 0.48366013071895425 0.7635467980295566 0.10294117647058823 0.07881773399014778
4 0.43709150326797386 0.8115763546798029 0.08823529411764706 0.09359605911330049
4 0.3937908496732026 0.8583743842364532 0.08986928104575163 0.09852216748768473
4 0.43790849673202614 0.8830049261083743 0.05555555555555555 0.059113300492610835
4 0.315359477124183 0.9532019704433498 0.06862745098039216 0.06157635467980296
4 0.2099673202614379 0.9827586206896551 0.06372549019607843 0.03201970443349754
4 0.18872549019607843 0.9827586206896551 0.03758169934640523 0.034482758620689655
4 0.06045751633986928 0.9605911330049262 0.06209150326797386 0.07881773399014778
4 0.16993464052287582 0.874384236453202 0.0392156862745098 0.054187192118226604
4 0.19526143790849673 0.7278325123152709 0.1715686274509804 0.18719211822660098
4 0.2630718954248366 0.8189655172413793 0.14869281045751634 0.18226600985221675
4 0.1380718954248366 0.9753694581280788 0.0392156862745098 0.04433497536945813
4 0.18709150326797386 0.9396551724137931 0.05228758169934641 0.04926108374384237
4 0.13562091503267973 0.8879310344827587 0.03104575163398693 0.04926108374384237
4 0.44362745098039214 0.4852216748768473 0.05555555555555555 0.07142857142857142
4 0.4910130718954248 0.479064039408867 0.03594771241830065 0.046798029556650245
4 0.5163398692810458 0.4618226600985222 0.04738562091503268 0.04187192118226601
4 0.3088235294117647 0.5911330049261084 0.08660130718954248 0.10344827586206896
4 0.29901960784313725 0.6342364532019704 0.11274509803921569 0.0960591133004926