4 0.21405228758169934 0.6314496314496314 0.42810457516339867 0.6584766584766585
4 0.09395424836601307 0.8218673218673219 0.12254901960784313 0.1891891891891892
4 0.10457516339869281 0.4557739557739558 0.12091503267973856 0.14004914004914004
4 0.1715686274509804 0.5024570024570024 0.12581699346405228 0.12285012285012285
4 0.23284313725490197 0.45454545454545453 0.1454248366013072 0.1547911547911548
4 0.31290849673202614 0.414004914004914 0.11437908496732026 0.12039312039312039
4 0.30718954248366015 0.5737100737100738 0.1568627450980392 0.25307125307125306
4 0.3202614379084967 0.7371007371007371 0.11437908496732026 0.1547911547911548
4 0.4011437908496732 0.8439803439803439 0.1715686274509804 0.16216216216216217
4 0.21160130718954248 0.7162162162162162 0.11274509803921569 0.257985257985258
4 0.1454248366013072 0.7628992628992629 0.1650326797385621 0.21867321867321868
4 0.051470588235294115 0.7088452088452089 0.10294117647058823 0.1891891891891892
4 0.11274509803921569 0.6068796068796068 0.14869281045751634 0.21621621621621623
4 0.0661764705882353 0.5257985257985258 0.1323529411764706 0.19164619164619165
4 0.20588235294117646 0.5626535626535627 0.17973856209150327 0.12285012285012285
4 0.6013071895424836 0.5491400491400491 0.119281045751634 0.22604422604422605
4 0.6495098039215687 0.671990171990172 0.18627450980392157 0.16953316953316952
4 0.7540849673202614 0.6486486486486487 0.10784313725490197 0.1769041769041769
4 0.7009803921568627 0.7776412776412777 0.1437908496732026 0.171990171990172
4 0.7769607843137255 0.7899262899262899 0.08169934640522876 0.15233415233415235
4 0.8080065359477124 0.8157248157248157 0.07352941176470588 0.12776412776412777
4 0.8995098039215687 0.8525798525798526 0.13398692810457516 0.13022113022113022
4 0.8570261437908496 0.7199017199017199 0.19934640522875818 0.27764127764127766
4 0.9142156862745098 0.6769041769041769 0.119281045751634 0.17936117936117937
4 0.8398692810457516 0.5786240786240786 0.07516339869281045 0.12039312039312039
4 0.7598039215686274 0.5147420147420148 0.12091503267973856 0.18673218673218672
4 0.673202614379085 0.5601965601965602 0.0915032679738562 0.1547911547911548
4 0.6454248366013072 0.40786240786240785 0.11764705882352941 0.20147420147420148
4 0.5400326797385621 0.40786240786240785 0.11274509803921569 0.16216216216216217
4 0.5400326797385621 0.5454545454545454 0.1388888888888889 0.4643734643734644
4 0.9591503267973857 0.5823095823095823 0.08169934640522876 0.12285012285012285
5 0.47794117647058826 0.558968058968059 0.8300653594771242 0.8648648648648649