5 0.3055555555555556 0.42401960784313725 0.4934640522875817 0.8480392156862745
4 0.3161764705882353 0.1556372549019608 0.18137254901960784 0.27941176470588236
4 0.13970588235294118 0.5490196078431373 0.27941176470588236 0.28431372549019607
4 0.31209150326797386 0.6066176470588235 0.17320261437908496 0.29901960784313725
4 0.184640522875817 0.8174019607843137 0.09640522875816994 0.10784313725490197
4 0.2769607843137255 0.9068627450980392 0.0718954248366013 0.0784313725490196
4 0.3758169934640523 0.8517156862745098 0.11764705882352941 0.13725490196078433
4 0.3946078431372549 0.9080882352941176 0.1454248366013072 0.17647058823529413
4 0.46895424836601307 0.875 0.08986928104575163 0.08823529411764706
4 0.5531045751633987 0.7904411764705882 0.13398692810457516 0.17892156862745098
4 0.4362745098039216 0.7941176470588235 0.14705882352941177 0.09068627450980392
4 0.505718954248366 0.7120098039215687 0.12091503267973856 0.1568627450980392
4 0.43137254901960786 0.5845588235294118 0.19444444444444445 0.3382352941176471
4 0.3831699346405229 0.41544117647058826 0.12091503267973856 0.22058823529411764
4 0.4632352941176471 0.3075980392156863 0.08823529411764706 0.12254901960784313
4 0.8537581699346405 0.6715686274509803 0.0718954248366013 0.1568627450980392
4 0.8962418300653595 0.5882352941176471 0.04738562091503268 0.10784313725490197