4 0.5669934640522876 0.6133004926108374 0.2957516339869281 0.270935960591133
4 0.2883986928104575 0.33251231527093594 0.11437908496732026 0.14285714285714285
4 0.31209150326797386 0.24261083743842365 0.07679738562091504 0.11822660098522167
4 0.2647058823529412 0.25492610837438423 0.06209150326797386 0.10837438423645321
4 0.2916666666666667 0.18842364532019704 0.0784313725490196 0.08866995073891626
4 0.24183006535947713 0.19950738916256158 0.04411764705882353 0.09852216748768473
4 0.22058823529411764 0.14285714285714285 0.08006535947712418 0.12807881773399016
4 0.14460784313725492 0.16379310344827586 0.08660130718954248 0.11330049261083744
4 0.08088235294117647 0.16748768472906403 0.07352941176470588 0.10837438423645321
4 0.06372549019607843 0.11945812807881774 0.05228758169934641 0.06896551724137931
4 0.010620915032679739 0.16995073891625614 0.021241830065359478 0.06896551724137931
4 0.1388888888888889 0.1268472906403941 0.05718954248366013 0.07635467980295567
4 0.10375816993464053 0.6945812807881774 0.07026143790849673 0.11083743842364532
4 0.11029411764705882 0.4458128078817734 0.07352941176470588 0.07142857142857142
4 0.0718954248366013 0.3399014778325123 0.05065359477124183 0.046798029556650245
4 0.14705882352941177 0.29926108374384236 0.10294117647058823 0.08620689655172414
4 0.369281045751634 0.28448275862068967 0.027777777777777776 0.07881773399014778
4 0.42320261437908496 0.32019704433497537 0.0457516339869281 0.06403940886699508
4 0.369281045751634 0.3411330049261084 0.0392156862745098 0.05172413793103448
4 0.4485294117647059 0.3768472906403941 0.029411764705882353 0.034482758620689655
4 0.559640522875817 0.4027093596059113 0.04738562091503268 0.04926108374384237
4 0.4616013071895425 0.41502463054187194 0.04411764705882353 0.04187192118226601
4 0.42320261437908496 0.4187192118226601 0.049019607843137254 0.054187192118226604
4 0.3194444444444444 0.45935960591133007 0.0392156862745098 0.05172413793103448
4 0.2508169934640523 0.45566502463054187 0.04738562091503268 0.054187192118226604
4 0.22058823529411764 0.5049261083743842 0.05392156862745098 0.06403940886699508
4 0.21568627450980393 0.47167487684729065 0.03758169934640523 0.05172413793103448
4 0.35947712418300654 0.6637931034482759 0.05065359477124183 0.06403940886699508
4 0.35866013071895425 0.7389162561576355 0.05392156862745098 0.04433497536945813
4 0.40604575163398693 0.7647783251231527 0.05228758169934641 0.05665024630541872
4 0.5302287581699346 0.7684729064039408 0.15196078431372548 0.12807881773399016
4 0.5220588235294118 0.8374384236453202 0.06209150326797386 0.07635467980295567
4 0.5580065359477124 0.75 0.10294117647058823 0.08374384236453201
4 0.6111111111111112 0.7795566502463054 0.08823529411764706 0.09852216748768473
4 0.6609477124183006 0.8091133004926109 0.0915032679738562 0.10344827586206896
4 0.6217320261437909 0.8485221674876847 0.05718954248366013 0.06157635467980296
4 0.7524509803921569 0.8731527093596059 0.06862745098039216 0.06403940886699508
4 0.8586601307189542 0.8633004926108374 0.06372549019607843 0.03694581280788178
4 0.8799019607843137 0.8571428571428571 0.0392156862745098 0.03940886699507389
4 0.9240196078431373 0.8866995073891626 0.07352941176470588 0.07142857142857142
4 0.9844771241830066 0.7894088669950738 0.03104575163398693 0.08620689655172414
4 0.880718954248366 0.7438423645320197 0.04084967320261438 0.05665024630541872
4 0.8316993464052288 0.6096059113300493 0.17320261437908496 0.19458128078817735
4 0.7810457516339869 0.7241379310344828 0.15196078431372548 0.1896551724137931
4 0.9281045751633987 0.8300492610837439 0.04084967320261438 0.046798029556650245
4 0.8741830065359477 0.8115763546798029 0.05392156862745098 0.05172413793103448
4 0.9158496732026143 0.7438423645320197 0.032679738562091505 0.04926108374384237
4 0.5522875816993464 0.46551724137931033 0.05555555555555555 0.07389162561576355
4 0.505718954248366 0.4766009852216749 0.03594771241830065 0.04926108374384237
4 0.47794117647058826 0.46798029556650245 0.04738562091503268 0.04433497536945813
4 0.7001633986928104 0.5184729064039408 0.08823529411764706 0.10837438423645321
4 0.7165032679738562 0.5566502463054187 0.11437908496732026 0.10098522167487685