5 0.3991176470588235 0.6908088235294119 0.40124183006535946 0.5174264705882353
4 0.3670424836601307 0.47566176470588234 0.09622549019607841 0.0816911764705882
4 0.3122712418300654 0.6649509803921569 0.07019607843137252 0.12436274509803924
4 0.3331535947712418 0.7675245098039215 0.051437908496732056 0.21514705882352936
4 0.3316339869281046 0.8369607843137256 0.10408496732026142 0.15068627450980396
4 0.2587091503267974 0.8306127450980392 0.10106209150326799 0.08897058823529401
4 0.2620424836601307 0.7543627450980391 0.05446078431372547 0.08169117647058834
4 0.22513071895424835 0.7529901960784314 0.04599673202614378 0.09350490196078426
4 0.16037581699346407 0.8074509803921569 0.05204248366013071 0.08624999999999985
4 0.14040849673202616 0.7679656862745098 0.06052287581699345 0.07080882352941173
4 0.19395424836601308 0.7870343137254903 0.0466013071895425 0.11257352941176459
4 0.10500000000000001 0.8405882352941176 0.049019607843137254 0.08350490196078443
4 0.07897058823529411 0.8496813725490197 0.05143790849673202 0.09985294117647062
4 0.16642156862745097 0.8787254901960784 0.08955882352941177 0.08350490196078443
4 0.1794281045751634 0.9427205882352941 0.0913888888888889 0.09350490196078426
4 0.39549019607843133 0.8006617647058824 0.07080065359477121 0.10348039215686282
4 0.4423856209150327 0.7820343137254901 0.05325163398692816 0.10438725490196087
4 0.4862581699346405 0.7875 0.03933006535947721 0.13161764705882364
4 0.5107679738562091 0.7775000000000001 0.030261437908496704 0.15884803921568613
4 0.5712908496732026 0.8106372549019608 0.08472222222222225 0.17428921568627453
4 0.594281045751634 0.7974754901960784 0.08593137254901966 0.07715686274509809
4 0.4841503267973856 0.6672058823529412 0.10408496732026151 0.10529411764705884
4 0.5485947712418301 0.6540441176470588 0.04297385620915025 0.10257352941176476
4 0.6136601307189542 0.6631372549019607 0.08714052287581706 0.14796568627450982