4 0.6037581699346405 0.45098039215686275 0.16830065359477125 0.12636165577342048
4 0.6348039215686274 0.5490196078431373 0.23039215686274508 0.15904139433551198
4 0.7197712418300654 0.7091503267973857 0.17647058823529413 0.20043572984749455
4 0.8668300653594772 0.7962962962962963 0.06372549019607843 0.07625272331154684
4 0.46977124183006536 0.7527233115468409 0.4035947712418301 0.2984749455337691
4 0.31209150326797386 0.8910675381263616 0.03104575163398693 0.04793028322440087
4 0.3235294117647059 0.9324618736383442 0.05555555555555555 0.0457516339869281
4 0.5408496732026143 0.8638344226579521 0.032679738562091505 0.04139433551198257
4 0.5931372549019608 0.8888888888888888 0.04411764705882353 0.05228758169934641
4 0.5441176470588235 0.9270152505446623 0.04411764705882353 0.04357298474945534
4 0.1380718954248366 0.7810457516339869 0.10130718954248366 0.10675381263616558
4 0.2508169934640523 0.761437908496732 0.09640522875816994 0.11546840958605664
4 0.3831699346405229 0.5849673202614379 0.11274509803921569 0.11764705882352941
4 0.27205882352941174 0.6503267973856209 0.14705882352941177 0.12636165577342048
4 0.1568627450980392 0.6764705882352942 0.1111111111111111 0.08496732026143791
4 0.032679738562091505 0.6437908496732027 0.049019607843137254 0.0718954248366013