4 0.2515880893300248 0.35856209150326795 0.22746898263027293 0.15068627450980396
4 0.36049627791563277 0.40078431372549017 0.09786600496277915 0.06081699346405224
4 0.4452605459057072 0.40532679738562094 0.10200992555831269 0.06444444444444439
4 0.4232258064516129 0.23919934640522875 0.12406947890818859 0.11346405228758169
4 0.5652109181141439 0.35856209150326795 0.13508684863523573 0.11256535947712416
4 0.8422828784119106 0.4756699346405229 0.08823821339950387 0.052647058823529456
4 0.6865260545905708 0.6463398692810458 0.1709429280397022 0.21423202614379086
4 0.7023821339950372 0.7375653594771242 0.06478908188585611 0.08078431372549029
4 0.6479156327543425 0.737107843137255 0.05789081885856082 0.0708006535947713
4 0.6155334987593052 0.8415032679738562 0.12545905707196037 0.06535947712418301
4 0.6051861042183623 0.951797385620915 0.1930024813895781 0.07715686274509809
4 0.436302729528536 0.8487581699346406 0.13647642679900746 0.06535947712418301
4 0.2908684863523573 0.7970261437908497 0.09650124069478905 0.06535947712418301
5 0.4452605459057072 0.5446568627450981 0.6506699751861043 0.8442320261437908