4 0.479297385620915 0.53875 0.13676470588235298 0.2042401960784314
4 0.32952614379084966 0.5305882352941176 0.14222222222222225 0.20786764705882355
4 0.3697712418300654 0.36946078431372553 0.15008169934640528 0.2233088235294118
4 0.2850326797385621 0.32678921568627456 0.10772875816993466 0.1815441176470588
4 0.20364379084967318 0.40259803921568627 0.09985294117647062 0.1334313725490196
4 0.09864379084967322 0.348578431372549 0.19607843137254902 0.2269362745098039
4 0.5779411764705882 0.25144607843137257 0.21060457516339867 0.24328431372549017
4 0.6883986928104575 0.31681372549019604 0.09501633986928101 0.05264705882352942
4 0.695359477124183 0.36492647058823524 0.08351307189542485 0.07080882352941173
4 0.8287908496732027 0.4529656862745098 0.04539215686274505 0.05808823529411762
4 0.8481535947712419 0.5142401960784314 0.13011437908496723 0.08078431372549015
4 0.9362745098039216 0.2426470588235294 0.12745098039215685 0.25
4 0.7588888888888888 0.1266421568627451 0.18034313725490198 0.1171078431372549
4 0.35614379084967324 0.15977941176470586 0.11075163398692815 0.0671813725490196
4 0.0986437908496732 0.7275735294117648 0.05446078431372549 0.042671568627450904
4 0.7410457516339869 0.6722058823529412 0.050228758169934655 0.1425245098039215