5 0.25006535947712416 0.4559090909090909 0.15464052287581698 0.47709595959595963
4 0.13977124183006534 0.7070707070707071 0.17799019607843136 0.11724747474747461
4 0.04405228758169935 0.7323232323232324 0.08344771241830067 0.08116161616161613
4 0.16281045751633988 0.8216161616161617 0.11553921568627452 0.10641414141414138
4 0.1663235294117647 0.9127020202020202 0.1750653594771242 0.12085858585858589
4 0.24802287581699345 0.7927525252525253 0.10271241830065361 0.06133838383838375
4 0.3930392156862745 0.7616414141414142 0.19900326797385623 0.055025252525252435
4 0.395359477124183 0.7012121212121212 0.1453104575163399 0.07123737373737384
4 0.3600653594771242 0.638989898989899 0.11437908496732026 0.15603535353535358
4 0.41521241830065364 0.5605050505050505 0.12897058823529417 0.08568181818181819
4 0.5952450980392158 0.6425757575757577 0.1902450980392156 0.12535353535353538
4 0.6416339869281046 0.698510101010101 0.13246732026143798 0.047803030303030174
4 0.7670915032679738 0.6272474747474747 0.1184640522875817 0.07484848484848482
4 0.7157516339869281 0.5077525252525252 0.16864379084967326 0.1298737373737374
4 0.4297385620915033 0.6540404040404041 0.43137254901960786 0.6742424242424242 0.4820261437908497 0.6742424242424242 0.4918300653594771 0.6590909090909091 0.5163398692810458 0.6540404040404041 0.5016339869281046 0.6262626262626263 0.47058823529411764 0.6060606060606061 0.47058823529411764 0.5934343434343434 0.45751633986928103 0.5782828282828283 0.4068627450980392 0.6136363636363636 0.4084967320261438 0.648989898989899 0.4297385620915033 0.6540404040404041
4 0.24743464052287584 0.3440656565656566 0.09220588235294119 0.06944444444444445
4 0.4653921568627451 0.43020202020202025 0.04960784313725492 0.07214646464646463