4 0.8799019607843137 0.6584967320261438 0.19852941176470587 0.05065359477124183
4 0.8933823529411765 0.4673202614379085 0.09068627450980392 0.03104575163398693
4 0.7916666666666666 0.4117647058823529 0.09558823529411764 0.024509803921568627
4 0.43504901960784315 0.34477124183006536 0.1053921568627451 0.05392156862745098
4 0.3284313725490196 0.3227124183006536 0.13970588235294118 0.07026143790849673
4 0.3161764705882353 0.26715686274509803 0.12745098039215685 0.05228758169934641
4 0.3247549019607843 0.21895424836601307 0.056372549019607844 0.0457516339869281
4 0.42401960784313725 0.22140522875816993 0.1053921568627451 0.03594771241830065
4 0.5330882352941176 0.2818627450980392 0.07352941176470588 0.04084967320261438
4 0.5772058823529411 0.30310457516339867 0.0784313725490196 0.024509803921568627
4 0.5747549019607843 0.505718954248366 0.1053921568627451 0.08986928104575163
4 0.5490196078431373 0.545751633986928 0.11274509803921569 0.0718954248366013
4 0.45955882352941174 0.5318627450980392 0.1642156862745098 0.06535947712418301
4 0.32965686274509803 0.505718954248366 0.11519607843137254 0.08333333333333333
4 0.3002450980392157 0.47549019607843135 0.14215686274509803 0.0718954248366013
4 0.24387254901960784 0.5334967320261438 0.11274509803921569 0.05228758169934641
4 0.1948529411764706 0.4624183006535948 0.09803921568627451 0.08660130718954248
4 0.2536764705882353 0.41830065359477125 0.09313725490196079 0.05718954248366013
4 0.2708333333333333 0.4477124183006536 0.10784313725490197 0.05228758169934641
4 0.2549019607843137 0.38480392156862747 0.08823529411764706 0.06372549019607843
4 0.31862745098039214 0.3741830065359477 0.0392156862745098 0.04084967320261438
4 0.3946078431372549 0.6740196078431373 0.2818627450980392 0.0915032679738562
4 0.22916666666666666 0.5931372549019608 0.24019607843137256 0.07679738562091504
4 0.7193627450980392 0.7197712418300654 0.17892156862745098 0.10130718954248366
4 0.7218137254901961 0.7712418300653595 0.15441176470588236 0.06535947712418301
4 0.5674019607843137 0.9166666666666666 0.25245098039215685 0.12091503267973856
4 0.4497549019607843 0.8905228758169934 0.16666666666666666 0.05228758169934641
4 0.3713235294117647 0.9330065359477124 0.20098039215686275 0.08823529411764706
4 0.15931372549019607 0.8619281045751634 0.31862745098039214 0.18137254901960784
4 0.4362745098039216 0.7990196078431373 0.17401960784313725 0.0915032679738562
4 0.28799019607843135 0.7565359477124183 0.23529411764705882 0.10947712418300654
4 0.049019607843137254 0.24918300653594772 0.061274509803921566 0.04084967320261438
4 0.09436274509803921 0.23039215686274508 0.15441176470588236 0.03431372549019608
4 0.12009803921568628 0.20506535947712418 0.06372549019607843 0.03431372549019608
4 0.9105392156862745 0.23366013071895425 0.11764705882352941 0.029411764705882353