4 0.3088235294117647 0.7279411764705882 0.11437908496732026 0.17647058823529413
4 0.10866013071895425 0.7267156862745098 0.05065359477124183 0.061274509803921566
4 0.007352941176470588 0.7352941176470589 0.014705882352941176 0.029411764705882353
4 0.061274509803921566 0.7855392156862745 0.04411764705882353 0.031862745098039214
4 0.22712418300653595 0.8872549019607843 0.08660130718954248 0.10294117647058823
4 0.4820261437908497 0.9240196078431373 0.17647058823529413 0.15196078431372548
4 0.39950980392156865 0.8112745098039216 0.08169934640522876 0.125
4 0.4918300653594771 0.7549019607843137 0.12418300653594772 0.21568627450980393
4 0.6380718954248366 0.7536764705882353 0.13071895424836602 0.23774509803921567
4 0.7434640522875817 0.8848039215686274 0.1111111111111111 0.06862745098039216
4 0.8415032679738562 0.6691176470588235 0.07516339869281045 0.09313725490196079
4 0.8259803921568627 0.7352941176470589 0.032679738562091505 0.04656862745098039
4 0.9019607843137255 0.6899509803921569 0.042483660130718956 0.06372549019607843
4 0.7745098039215687 0.4791666666666667 0.1781045751633987 0.12254901960784313
4 0.7475490196078431 0.3762254901960784 0.25326797385620914 0.18137254901960784
4 0.5808823529411765 0.30637254901960786 0.20261437908496732 0.14705882352941177
4 0.5906862745098039 0.40808823529411764 0.22058823529411764 0.19362745098039216
5 0.40032679738562094 0.4362745098039216 0.2173202614379085 0.6544117647058824
4 0.43300653594771243 0.35784313725490197 0.19607843137254902 0.22058823529411764
4 0.35947712418300654 0.3272058823529412 0.15849673202614378 0.24019607843137256
4 0.2900326797385621 0.32598039215686275 0.10784313725490197 0.2034313725490196
4 0.20506535947712418 0.29901960784313725 0.1454248366013072 0.17892156862745098
5 0.2099673202614379 0.4730392156862745 0.25980392156862747 0.6519607843137255
5 0.5759803921568627 0.5049019607843137 0.2696078431372549 0.6225490196078431
5 0.7483660130718954 0.6017156862745098 0.25980392156862747 0.6642156862745098