4 0.6692708333333334 0.31828703703703703 0.11197916666666667 0.18287037037037038
4 0.6015625 0.3055555555555556 0.10677083333333333 0.1527777777777778
4 0.5403645833333334 0.3414351851851852 0.09505208333333333 0.18287037037037038
4 0.478515625 0.4479166666666667 0.1171875 0.17592592592592593
4 0.3828125 0.5763888888888888 0.08463541666666667 0.10648148148148148
4 0.3365885416666667 0.65625 0.15104166666666666 0.1388888888888889
4 0.404296875 0.6979166666666666 0.12760416666666666 0.14583333333333334
4 0.4348958333333333 0.8136574074074074 0.2747395833333333 0.21296296296296297
4 0.3177083333333333 0.9108796296296297 0.1640625 0.1574074074074074
4 0.1953125 0.8159722222222222 0.24739583333333334 0.3472222222222222
4 0.115234375 0.9398148148148148 0.13932291666666666 0.12037037037037036
4 0.14388020833333334 0.5706018518518519 0.26953125 0.3402777777777778
4 0.373046875 0.34953703703703703 0.17838541666666666 0.19907407407407407
4 0.4290364583333333 0.2604166666666667 0.13671875 0.17592592592592593
4 0.4908854166666667 0.1909722222222222 0.15755208333333334 0.2337962962962963
4 0.5891927083333334 0.1863425925925926 0.10677083333333333 0.19444444444444445
4 0.6380208333333334 0.12962962962962962 0.09375 0.14351851851851852
4 0.6940104166666666 0.20023148148148148 0.12109375 0.16203703703703703
4 0.7265625 0.14930555555555555 0.09114583333333333 0.17592592592592593
4 0.7623697916666666 0.2152777777777778 0.09114583333333333 0.12037037037037036
4 0.947265625 0.3402777777777778 0.09635416666666667 0.11805555555555555
4 0.6861979166666666 0.4525462962962963 0.14192708333333334 0.13194444444444445
4 0.5970052083333334 0.46296296296296297 0.09635416666666667 0.11342592592592593
4 0.744140625 0.7083333333333334 0.2669270833333333 0.21064814814814814
4 0.3235677083333333 0.16203703703703703 0.17317708333333334 0.14583333333333334