4 0.6705392156862745 0.8070098039215686 0.08472222222222225 0.14161764705882346
4 0.6563235294117648 0.6921813725490197 0.07565359477124176 0.19335784313725488
4 0.5794607843137255 0.7983823529411765 0.07321895424836593 0.18791666666666657
4 0.5643300653594772 0.6717401960784314 0.052647058823529456 0.11075980392156855
4 0.34616013071895424 0.8292401960784314 0.07383986928104574 0.1352696078431371
4 0.33950980392156865 0.7334803921568627 0.0605228758169935 0.10348039215686282
4 0.3797549019607843 0.6894607843137255 0.04660130718954245 0.08987745098039206
4 0.42120915032679734 0.7103186274509804 0.052042483660130756 0.07171568627450978
4 0.40637254901960784 0.7806862745098039 0.0647549019607843 0.1288970588235295
4 0.41545751633986927 0.6404411764705883 0.0441830065359477 0.10982843137254909
4 0.4762745098039216 0.6136519607843137 0.05325163398692816 0.11620098039215679
4 0.5143954248366013 0.6481372549019607 0.07746732026143785 0.14343137254901955
4 0.5231862745098039 0.7325735294117647 0.0683823529411765 0.09985294117647062
4 0.4923202614379085 0.7861274509803922 0.08169934640522876 0.1343382352941175
5 0.49442810457516334 0.6808333333333333 0.3776307189542484 0.48294117647058815