5 0.272875816993464 0.5490196078431373 0.4918300653594771 0.9019607843137255
5 0.6348039215686274 0.5208333333333334 0.29411764705882354 0.6495098039215687
4 0.8700980392156863 0.6458333333333334 0.06862745098039216 0.12990196078431374
4 0.7924836601307189 0.5661764705882353 0.12091503267973856 0.11029411764705882
4 0.8145424836601307 0.5821078431372549 0.11764705882352941 0.10784313725490197
4 0.8439542483660131 0.6495098039215687 0.0784313725490196 0.14460784313725492
4 0.7647058823529411 0.6703431372549019 0.1388888888888889 0.11029411764705882
4 0.7818627450980392 0.7218137254901961 0.10130718954248366 0.15931372549019607
4 0.701797385620915 0.6446078431372549 0.08660130718954248 0.2696078431372549
4 0.6821895424836601 0.7659313725490197 0.13725490196078433 0.1568627450980392
4 0.6405228758169934 0.6813725490196079 0.0784313725490196 0.2107843137254902
4 0.5637254901960784 0.5943627450980392 0.10457516339869281 0.18382352941176472
4 0.5547385620915033 0.6740196078431373 0.1388888888888889 0.23774509803921567
4 0.6062091503267973 0.7892156862745098 0.14215686274509803 0.12009803921568628
4 0.5212418300653595 0.7352941176470589 0.12745098039215685 0.13725490196078433
4 0.49673202614379086 0.8517156862745098 0.18137254901960784 0.18382352941176472
4 0.40522875816993464 0.9007352941176471 0.0718954248366013 0.11029411764705882
4 0.41094771241830064 0.9546568627450981 0.07352941176470588 0.09068627450980392
4 0.32516339869281047 0.8406862745098039 0.15196078431372548 0.27941176470588236
4 0.5874183006535948 0.5857843137254902 0.1503267973856209 0.18627450980392157
4 0.3104575163398693 0.2916666666666667 0.44607843137254904 0.15441176470588236
4 0.31862745098039214 0.18995098039215685 0.37254901960784315 0.14460784313725492