4 0.3545751633986928 0.5919117647058824 0.4526143790849673 0.7475490196078431
4 0.22303921568627452 0.15073529411764705 0.16993464052287582 0.28431372549019607
4 0.4207516339869281 0.2757352941176471 0.16830065359477125 0.3382352941176471
4 0.5416666666666666 0.20098039215686275 0.12581699346405228 0.31862745098039214
4 0.6274509803921569 0.2549019607843137 0.08660130718954248 0.21568627450980393
4 0.7156862745098039 0.24754901960784315 0.08496732026143791 0.18137254901960784
4 0.803921568627451 0.2512254901960784 0.13398692810457516 0.18872549019607843
4 0.8717320261437909 0.25857843137254904 0.1111111111111111 0.14215686274509803
4 0.8308823529411765 0.616421568627451 0.2549019607843137 0.553921568627451
4 0.9493464052287581 0.6127450980392157 0.09967320261437909 0.13970588235294118
4 0.9223856209150327 0.7377450980392157 0.12908496732026145 0.20833333333333334
4 0.9223856209150327 0.8884803921568627 0.12908496732026145 0.19117647058823528
4 0.6560457516339869 0.6875 0.1323529411764706 0.1715686274509804
4 0.6764705882352942 0.8431372549019608 0.2238562091503268 0.24754901960784315
4 0.6454248366013072 0.8933823529411765 0.13725490196078433 0.21323529411764705
4 0.6004901960784313 0.8370098039215687 0.12418300653594772 0.2549019607843137
5 0.3284313725490196 0.5 0.5816993464052288 1
5 0.6119281045751634 0.5269607843137255 0.2565359477124183 0.946078431372549
5 0.7026143790849673 0.46200980392156865 0.24019607843137256 0.821078431372549
5 0.8774509803921569 0.38235294117647056 0.18627450980392157 0.5563725490196079