5 0.49754901960784315 0.5354430379746835 0.9722222222222222 0.9291139240506329
4 0.10825163398692811 0.4109367088607595 0.1931535947712418 0.29567088607594944
4 0.09424836601307189 0.19032911392405066 0.10096405228758171 0.10759493670886076
4 0.2777777777777778 0.2029873417721519 0.14356209150326799 0.20524050632911392
4 0.43972222222222224 0.37658227848101267 0.18148692810457512 0.3571392405063291
4 0.7568790849673204 0.6586835443037975 0.21942810457516343 0.5126582278481012
4 0.7066993464052288 0.8833670886075949 0.15522875816993464 0.2332658227848101
4 0.9101307189542484 0.6835443037974683 0.17647058823529413 0.6329113924050633
4 0.8102777777777778 0.2721518987341772 0.12663398692810457 0.10306329113924052
4 0.6757679738562091 0.21518987341772153 0.09570261437908505 0.10850632911392406
4 0.5526307189542483 0.18807594936708863 0.08169934640522876 0.14103797468354431