4 0.8406862745098039 0.5943627450980392 0.1568627450980392 0.16911764705882354
4 0.8284313725490197 0.6875 0.05392156862745098 0.09313725490196079
4 0.7589869281045751 0.6470588235294118 0.042483660130718956 0.05392156862745098
4 0.7140522875816994 0.5833333333333334 0.06862745098039216 0.08088235294117647
4 0.613562091503268 0.5379901960784313 0.09640522875816994 0.09068627450980392
4 0.5294117647058824 0.5061274509803921 0.05555555555555555 0.05392156862745098
4 0.309640522875817 0.5392156862745098 0.07352941176470588 0.09803921568627451
4 0.238562091503268 0.5 0.08169934640522876 0.0784313725490196
4 0.31699346405228757 0.6188725490196079 0.06209150326797386 0.08823529411764706
4 0.39950980392156865 0.6544117647058824 0.10130718954248366 0.07598039215686274
4 0.47875816993464054 0.6544117647058824 0.07026143790849673 0.0857843137254902
4 0.5138888888888888 0.6115196078431373 0.10294117647058823 0.07598039215686274
4 0.5939542483660131 0.6556372549019608 0.12581699346405228 0.1053921568627451
4 0.6037581699346405 0.7365196078431373 0.05718954248366013 0.09558823529411764
4 0.5375816993464052 0.7218137254901961 0.05392156862745098 0.11764705882352941
4 0.696078431372549 0.8492647058823529 0.14052287581699346 0.061274509803921566
4 0.5204248366013072 0.7953431372549019 0.06209150326797386 0.0784313725490196
4 0.5449346405228758 0.7352941176470589 0.07026143790849673 0.11519607843137254
4 0.4714052287581699 0.7316176470588235 0.06862745098039216 0.11764705882352941
4 0.4011437908496732 0.7732843137254902 0.18790849673202614 0.15931372549019607
4 0.29901960784313725 0.7340686274509803 0.05718954248366013 0.125
4 0.18709150326797386 0.7647058823529411 0.21241830065359477 0.31862745098039214
4 0.42892156862745096 0.1556372549019608 0.16339869281045752 0.18137254901960784
5 0.4583333333333333 0.49264705882352944 0.6535947712418301 0.7990196078431373