4 0.07286458333333333 0.5177083333333333 0.0726171875 0.07567129629629629
4 0.014778645833333333 0.5462037037037037 0.029544270833333334 0.07388888888888892
4 0.087890625 0.7011111111111111 0.17578125 0.16826388888888902
4 0.32201822916666667 0.6757407407407408 0.32451822916666667 0.1549074074074073
4 0.5711588541666667 0.7086805555555555 0.06559895833333333 0.08546296296296287
4 0.6267578125000001 0.684212962962963 0.0766276041666667 0.12553240740740745
4 0.7259114583333334 0.701574074074074 0.15374999999999997 0.12465277777777783
4 0.8378385416666667 0.6793055555555555 0.0681119791666666 0.05520833333333339
4 0.832578125 0.7202546296296296 0.04457031250000002 0.04451388888888893
4 0.869140625 0.7184722222222222 0.039557291666666806 0.05699074074074075
4 0.905703125 0.686875 0.06760416666666676 0.04717592592592591
4 0.9242317708333333 0.7153703703703704 0.05959635416666664 0.06678240740740746
4 0.9778645833333334 0.7256944444444444 0.044270833333333336 0.05787037037037037
4 0.6022135416666666 0.5453240740740741 0.05458333333333328 0.045416666666666675
4 0.5536328125 0.604074074074074 0.05058593750000003 0.05787037037037037
4 0.44671875 0.48789351851851853 0.07611979166666671 0.08189814814814814