4 0.24544270833333334 0.5706018518518519 0.18619791666666666 0.24074074074074073
4 0.4674479166666667 0.4097222222222222 0.048177083333333336 0.08333333333333333
4 0.42578125 0.32523148148148145 0.06901041666666667 0.125
4 0.3216145833333333 0.41550925925925924 0.10026041666666667 0.12037037037037036
4 0.595703125 0.5590277777777778 0.09635416666666667 0.12731481481481483
4 0.552734375 0.6238425925925926 0.0625 0.08333333333333333
4 0.2877604166666667 0.7777777777777778 0.18619791666666666 0.24537037037037038
4 0.9635416666666666 0.3773148148148148 0.07291666666666667 0.16666666666666666
4 0.9127604166666666 0.7372685185185185 0.07421875 0.08564814814814815
4 0.9772135416666666 0.8310185185185185 0.045572916666666664 0.08796296296296297
4 0.607421875 0.28935185185185186 0.07291666666666667 0.10416666666666667
4 0.14192708333333334 0.22453703703703703 0.06510416666666667 0.0787037037037037