4 0.6342320261437908 0.6826470588235294 0.2747549019607843 0.25781862745098044
4 0.6796241830065359 0.7897549019607844 0.05446078431372556 0.17791666666666675
4 0.8430228758169934 0.744828431372549 0.20576797385620926 0.17519607843137258
4 0.8599673202614379 0.8228921568627451 0.08472222222222217 0.10438725490196087
4 0.7691830065359477 0.9209313725490196 0.08593137254901966 0.08078431372549029
4 0.7779575163398693 0.9729411764705882 0.0683823529411765 0.054093137254902085
4 0.4750653594771242 0.7942892156862745 0.0944117647058823 0.07262254901960784
4 0.49050653594771243 0.8374264705882354 0.07928104575163396 0.055367647058823605
4 0.40366013071895424 0.8469607843137255 0.10287581699346401 0.12345588235294119
4 0.3625 0.6808333333333333 0.0956209150326797 0.10348039215686282
4 0.37006535947712416 0.7598039215686274 0.08532679738562086 0.0944117647058823
4 0.2517483660130719 0.8129166666666667 0.20333333333333334 0.08806372549019596
4 0.2290686274509804 0.6254656862745098 0.10227124183006539 0.10710784313725494
4 0.14493464052287583 0.625 0.03933006535947711 0.055367647058823535
4 0.06717320261437909 0.8256127450980393 0.031470588235294125 0.06264705882352928
5 0.6959640522875817 0.5047303921568628 0.3788398692810458 0.8115441176470588