4 0.2518610421836228 0.35866013071895425 0.228287841191067 0.1503267973856209
4 0.3610421836228288 0.4011437908496732 0.0967741935483871 0.06045751633986928
4 0.445409429280397 0.40522875816993464 0.10173697270471464 0.06372549019607843
4 0.4230769230769231 0.23937908496732027 0.12406947890818859 0.11274509803921569
4 0.56575682382134 0.35866013071895425 0.13399503722084366 0.11274509803921569
4 0.8424317617866005 0.47549019607843135 0.08933002481389578 0.05228758169934641
4 0.6861042183622829 0.6462418300653595 0.17121588089330025 0.21405228758169934
4 0.7022332506203474 0.7377450980392157 0.06451612903225806 0.08006535947712418
4 0.6476426799007444 0.7369281045751634 0.05707196029776675 0.07026143790849673
4 0.6153846153846154 0.8415032679738562 0.12655086848635236 0.06535947712418301
4 0.6054590570719603 0.951797385620915 0.1935483870967742 0.07679738562091504
4 0.43672456575682383 0.8488562091503268 0.13647642679900746 0.06535947712418301
4 0.2903225806451613 0.7973856209150327 0.0967741935483871 0.06535947712418301
5 0.445409429280397 0.5449346405228758 0.6501240694789082 0.8447712418300654