5 0.2540849673202614 0.4154040404040404 0.18627450980392157 0.5
4 0.12745098039215685 0.6477272727272727 0.184640522875817 0.14646464646464646
4 0.03758169934640523 0.6578282828282829 0.07516339869281045 0.09343434343434344
4 0.14297385620915032 0.7651515151515151 0.12254901960784313 0.12373737373737374
4 0.14052287581699346 0.8560606060606061 0.1830065359477124 0.14898989898989898
4 0.2295751633986928 0.75 0.10620915032679738 0.07828282828282829
4 0.3758169934640523 0.7424242424242424 0.20098039215686275 0.08585858585858586
4 0.38235294117647056 0.6830808080808081 0.14869281045751634 0.09343434343434344
4 0.35130718954248363 0.6161616161616161 0.12418300653594772 0.17424242424242425
4 0.4117647058823529 0.5467171717171717 0.13398692810457516 0.10606060606060606
4 0.5849673202614379 0.6565656565656566 0.1977124183006536 0.15656565656565657
4 0.6274509803921569 0.7196969696969697 0.13562091503267973 0.06818181818181818
4 0.7573529411764706 0.6691919191919192 0.12254901960784313 0.09343434343434344
4 0.7140522875816994 0.5429292929292929 0.17647058823529413 0.15656565656565657
4 0.46357583333333335 0.6007283005050505 0.46442982516339865 0.588171207070707 0.45245432679738556 0.5709910075757576 0.39968704411764705 0.5979680883838384 0.3989209068627451 0.6333919141414142 0.419704774509804 0.6418462424242424 0.41996342483660126 0.662201553030303 0.47033953431372555 0.6703843383838384 0.4811145375816993 0.6568995883838383 0.5058316715686274 0.6558361616161617 0.4930851290849673 0.6258349065656565 0.46357583333333335 0.6007283005050505
4 0.2589869281045752 0.3042929292929293 0.09640522875816994 0.08333333333333333
4 0.47058823529411764 0.4255050505050505 0.05392156862745098 0.08080808080808081