4 0.3880718954248366 0.19362745098039216 0.30392156862745096 0.2647058823529412
4 0.6764705882352942 0.5735294117647058 0.4411764705882353 0.5
4 0.9052287581699346 0.6519607843137255 0.15359477124183007 0.18627450980392157
4 0.6723856209150327 0.8357843137254902 0.13398692810457516 0.06862745098039216
4 0.5016339869281046 0.7745098039215687 0.1111111111111111 0.12990196078431374
4 0.5400326797385621 0.8259803921568627 0.05228758169934641 0.049019607843137254
4 0.33251633986928103 0.8431372549019608 0.2630718954248366 0.13970588235294118
4 0.3382352941176471 0.9068627450980392 0.11274509803921569 0.08823529411764706
4 0.33578431372549017 0.7610294117647058 0.14052287581699346 0.13480392156862744
4 0.24101307189542484 0.5257352941176471 0.09640522875816994 0.07352941176470588
4 0.16013071895424835 0.6580882352941176 0.2630718954248366 0.2181372549019608
4 0.119281045751634 0.8112745098039216 0.1568627450980392 0.10294117647058823
5 0.4117647058823529 0.4264705882352941 0.5947712418300654 0.8112745098039216