4 0.23076923076923078 0.37663398692810457 0.2506203473945409 0.1650326797385621
4 0.34491315136476425 0.41094771241830064 0.10669975186104218 0.06699346405228758
4 0.4305210918114144 0.40931372549019607 0.11166253101736973 0.0718954248366013
4 0.38213399503722084 0.24591503267973855 0.141439205955335 0.12091503267973856
4 0.5421836228287841 0.3545751633986928 0.1513647642679901 0.12091503267973856
4 0.8362282878411911 0.4526143790849673 0.0967741935483871 0.058823529411764705
4 0.7084367245657568 0.6323529411764706 0.20347394540942929 0.22549019607843138
4 0.739454094292804 0.7222222222222222 0.07692307692307693 0.08496732026143791
4 0.684863523573201 0.7254901960784313 0.06947890818858561 0.07516339869281045
4 0.6687344913151365 0.8316993464052288 0.13399503722084366 0.07352941176470588
4 0.6761786600496278 0.9419934640522876 0.20347394540942929 0.08986928104575163
4 0.49255583126550867 0.8513071895424836 0.14640198511166252 0.07516339869281045
4 0.3387096774193548 0.809640522875817 0.10669975186104218 0.0718954248366013
5 0.45285359801488834 0.548202614379085 0.7816377171215881 0.8839869281045751