4 0.4227941176470588 0.6290849673202614 0.37254901960784315 0.20588235294117646
4 0.5612745098039216 0.7622549019607843 0.3872549019607843 0.184640522875817
4 0.6017156862745098 0.6617647058823529 0.1568627450980392 0.09967320261437909
4 0.6875 0.6225490196078431 0.11274509803921569 0.06862745098039216
4 0.75 0.6968954248366013 0.22549019607843138 0.18790849673202614
4 0.8186274509803921 0.5964052287581699 0.21568627450980393 0.16013071895424835
4 0.5931372549019608 0.2508169934640523 0.5098039215686274 0.12091503267973856
4 0.21446078431372548 0.5155228758169934 0.3161764705882353 0.2761437908496732
4 0.16544117647058823 0.6977124183006536 0.33088235294117646 0.22875816993464052
4 0.3075980392156863 0.8243464052287581 0.24019607843137256 0.13398692810457516
5 0.5245098039215687 0.49264705882352944 0.8872549019607843 0.8186274509803921