4 0.5400326797385621 0.5980392156862745 0.3937908496732026 0.3235294117647059
4 0.3431372549019608 0.5649509803921569 0.08333333333333333 0.13725490196078433
4 0.184640522875817 0.5220588235294118 0.08823529411764706 0.14950980392156862
4 0.2875816993464052 0.5330882352941176 0.05392156862745098 0.11519607843137254
4 0.3349673202614379 0.43504901960784315 0.07352941176470588 0.0661764705882353
4 0.7941176470588235 0.4693627450980392 0.1323529411764706 0.1323529411764706
4 0.869281045751634 0.5061274509803921 0.12581699346405228 0.13970588235294118
4 0.9395424836601307 0.5526960784313726 0.12091503267973856 0.125
5 0.9264705882352942 0.6740196078431373 0.14705882352941177 0.4264705882352941
5 0.8455882352941176 0.6102941176470589 0.16830065359477125 0.3872549019607843
5 0.7802287581699346 0.5490196078431373 0.1454248366013072 0.3480392156862745
5 0.3300653594771242 0.5208333333333334 0.1111111111111111 0.26715686274509803
5 0.21650326797385622 0.46568627450980393 0.16830065359477125 0.2426470588235294