4 0.8316993464052288 0.33578431372549017 0.24183006535947713 0.2769607843137255
4 0.6944444444444444 0.41911764705882354 0.1437908496732026 0.16176470588235295
4 0.6674836601307189 0.3002450980392157 0.14869281045751634 0.22549019607843138
4 0.5759803921568627 0.3247549019607843 0.10947712418300654 0.16176470588235295
4 0.6062091503267973 0.14583333333333334 0.1781045751633987 0.2034313725490196
4 0.5816993464052288 0.22181372549019607 0.08986928104575163 0.14215686274509803
4 0.5212418300653595 0.3075980392156863 0.0784313725490196 0.14705882352941177
4 0.49019607843137253 0.21568627450980393 0.15522875816993464 0.17892156862745098
4 0.35866013071895425 0.11274509803921569 0.07352941176470588 0.10784313725490197
4 0.36356209150326796 0.17401960784313725 0.07026143790849673 0.07598039215686274
4 0.3333333333333333 0.21200980392156862 0.08986928104575163 0.0784313725490196
4 0.2769607843137255 0.16544117647058823 0.08169934640522876 0.08823529411764706
4 0.2638888888888889 0.3602941176470588 0.11437908496732026 0.13725490196078433
4 0.23529411764705882 0.12622549019607843 0.05718954248366013 0.07352941176470588
4 0.08169934640522876 0.14950980392156862 0.11437908496732026 0.06862745098039216
4 0.07679738562091504 0.19852941176470587 0.1111111111111111 0.04656862745098039
4 0.0718954248366013 0.2549019607843137 0.1437908496732026 0.1715686274509804
5 0.06290849673202614 0.4387254901960784 0.12581699346405228 0.19852941176470587
5 0.7875816993464052 0.5600490196078431 0.369281045751634 0.8063725490196079
5 0.6094771241830066 0.4375 0.2107843137254902 0.7647058823529411
5 0.5326797385620915 0.42034313725490197 0.12745098039215685 0.6813725490196079
5 0.4673202614379085 0.41544117647058826 0.11274509803921569 0.5588235294117647
5 0.35049019607843135 0.2267156862745098 0.11764705882352941 0.35294117647058826
5 0.28104575163398693 0.24632352941176472 0.119281045751634 0.33088235294117646
5 0.2369281045751634 0.20588235294117646 0.08006535947712418 0.27450980392156865
5 0.07761437908496732 0.27328431372549017 0.15522875816993464 0.3799019607843137
5 0.09640522875816994 0.6409313725490197 0.19281045751633988 0.7181372549019608