5 0.37550653594771244 0.4802205882352941 0.21483660130718957 0.4557107843137254
5 0.6187908496732026 0.4920098039215686 0.3733986928104575 0.5846078431372549
4 0.48867647058823527 0.8700980392156863 0.08411764705882356 0.24781862745098043
4 0.28655228758169937 0.6177450980392156 0.10227124183006542 0.14977941176470586
4 0.39578431372549017 0.625 0.1246732026143791 0.12799019607843143
4 0.3567483660130719 0.3381372549019608 0.1252777777777778 0.1861029411764706
4 0.5119771241830066 0.3204411764705883 0.10287581699346411 0.21424019607843134
4 0.5513235294117648 0.266421568627451 0.0907843137254903 0.09531862745098042
4 0.5637254901960784 0.3503921568627451 0.1252777777777777 0.12708333333333335
4 0.6236437908496733 0.2550735294117647 0.07565359477124176 0.17428921568627453
4 0.5047222222222222 0.7461764705882353 0.11256535947712416 0.12345588235294119
4 0.6920261437908496 0.8258823529411764 0.5343790849673202 0.3482107843137256
4 0.5740196078431373 0.8828186274509804 0.09138888888888881 0.17519607843137258
4 0.6327124183006536 0.8985049019607843 0.09985294117647062 0.20296568627450995
4 0.7113888888888888 0.8828186274509804 0.08895424836601316 0.151593137254902
4 0.7883986928104575 0.8799019607843137 0.1388888888888889 0.24019607843137256
4 0.7749346405228758 0.7362009803921569 0.10589869281045743 0.19426470588235292
4 0.8929411764705882 0.8237990196078432 0.13495098039215683 0.31318627450980385
4 0.6768954248366013 0.7570833333333333 0.14705882352941177 0.2214950980392157
4 0.6054901960784314 0.7502696078431373 0.20516339869281056 0.2333088235294119