4 0.5569117647058823 0.6340849673202614 0.3458578431372549 0.18246732026143783
4 0.39759803921568626 0.7566339869281046 0.36492647058823524 0.16066993464052295
4 0.3737745098039216 0.6540522875816993 0.14296568627450976 0.08986928104575163
4 0.29480392156862745 0.6091176470588234 0.10485294117647062 0.06173202614379081
4 0.21990196078431373 0.678562091503268 0.20017156862745103 0.17519607843137258
4 0.16747549019607844 0.5737091503267974 0.19335784313725493 0.14705882352941177
4 0.4459313725490196 0.24555555555555555 0.4997303921568627 0.0862418300653595
4 0.781593137254902 0.5351307189542484 0.27776960784313737 0.2587091503267975
4 0.8254411764705881 0.7225816993464053 0.34911764705882364 0.20516339869281036
4 0.6406617647058823 0.8356045751633987 0.22196078431372543 0.11892156862745093
5 0.4765686274509804 0.49065359477124176 0.7706862745098038 0.7688888888888888