4 0.4959150326797386 0.6875 0.23529411764705882 0.29411764705882354
4 0.3194444444444444 0.7487745098039216 0.08986928104575163 0.11764705882352941
4 0.38235294117647056 0.6433823529411765 0.0457516339869281 0.04656862745098039
4 0.23529411764705882 0.6446078431372549 0.0392156862745098 0.0661764705882353
4 0.19607843137254902 0.8223039215686274 0.12091503267973856 0.09068627450980392
4 0.33169934640522875 0.8590686274509803 0.11764705882352941 0.09558823529411764
4 0.43709150326797386 0.8786764705882353 0.06372549019607843 0.06862745098039216
4 0.4934640522875817 0.8566176470588235 0.024509803921568627 0.024509803921568627
4 0.5294117647058824 0.8014705882352942 0.042483660130718956 0.041666666666666664
4 0.6200980392156863 0.8161764705882353 0.05555555555555555 0.07107843137254902
4 0.8349673202614379 0.7242647058823529 0.04084967320261438 0.049019607843137254
4 0.8341503267973857 0.7843137254901961 0.09803921568627451 0.07352941176470588
5 0.5743464052287581 0.5600490196078431 0.5326797385620915 0.7524509803921569