4 0.5561437908496732 0.6263300492610838 0.2789379084967321 0.2146305418719212
4 0.3057843137254902 0.2902955665024631 0.10387254901960784 0.1214039408866995
4 0.3375980392156863 0.2062807881773399 0.06710784313725489 0.10467980295566502
4 0.28944444444444445 0.20802955665024628 0.053692810457516366 0.0976354679802956
4 0.3224183006535948 0.14822660098522167 0.07178104575163399 0.0747783251231527
4 0.27223856209150327 0.1482266009852217 0.035604575163398725 0.09236453201970445
4 0.2558986928104575 0.08753694581280788 0.07060457516339866 0.1134729064039409
4 0.1788562091503268 0.09236453201970443 0.07877450980392159 0.0967733990147783
4 0.11583333333333333 0.08312807881773399 0.06477124183006537 0.09588669950738918
4 0.1032843137254902 0.03123152709359606 0.047859477124183016 0.060689655172413794
4 0.02684640522875817 0.06773399014778325 0.05369281045751634 0.05805418719211822
4 0.0169281045751634 0.046182266009852216 0.03383986928104575 0.048374384236453204
4 0.17710784313725492 0.0545320197044335 0.05194444444444443 0.0650985221674877
4 0.08986928104575163 0.6091625615763546 0.061862745098039226 0.09940886699507392
4 0.11875816993464053 0.36418719211822664 0.06944444444444445 0.05805418719211821
4 0.0907516339869281 0.2520197044334975 0.04727124183006535 0.03605911330049258
4 0.16923202614379085 0.22694581280788179 0.09803921568627451 0.0650985221674877
4 0.39040849673202616 0.25862068965517243 0.02101307189542486 0.07564039408866997
4 0.4402941176470588 0.3052463054187192 0.04143790849673205 0.05630541871921186
4 0.38544117647058823 0.3157881773399015 0.035604575163398725 0.04399014778325126
4 0.46044117647058824 0.36770935960591133 0.02684640522875809 0.02815270935960593
4 0.5681045751633987 0.4160837438423646 0.04377450980392151 0.040467980295566516
4 0.4694771241830065 0.4077339901477832 0.04143790849673205 0.03253694581280783
4 0.4315522875816994 0.40332512315270935 0.046094771241830076 0.04485221674876842
4 0.32504901960784316 0.42224137931034483 0.036176470588235275 0.04399014778325126
4 0.25735294117647056 0.40332512315270935 0.04318627450980393 0.04662561576354682
4 0.22321895424836605 0.44642857142857145 0.04960784313725492 0.053669950738916304
4 0.22088235294117647 0.4116748768472906 0.03326797385620917 0.04573891625615762
4 0.34547385620915033 0.6329064039408866 0.045522875816993484 0.05541871921182266
4 0.33816993464052286 0.7063793103448276 0.05076797385620914 0.03342364532019717
4 0.3828267973856209 0.7428817733990148 0.04785947712418304 0.04662561576354667
4 0.5050816993464052 0.7718965517241378 0.14413398692810464 0.09940886699507392
4 0.49107843137254903 0.838768472906404 0.05660130718954246 0.06598522167487676
4 0.5342483660130719 0.7595812807881773 0.09862745098039218 0.06421182266009864
4 0.5844444444444444 0.7996059113300492 0.08228758169934643 0.08093596059113303
4 0.6305392156862745 0.8396305418719211 0.08462418300653589 0.08532019704433494
4 0.5885294117647059 0.8708620689655172 0.05310457516339869 0.051009852216748856
4 0.7154575163398693 0.921896551724138 0.06535947712418301 0.051009852216748856
4 0.8216666666666667 0.9350738916256157 0.06302287581699345 0.02288177339901469
4 0.8432516339869282 0.933768472906404 0.036176470588235365 0.03253694581280797
4 0.8839869281045751 0.9716748768472906 0.06862745098039216 0.05665024630541872
4 0.9695915032679738 0.8924137931034483 0.05660130718954265 0.07477832512315274
4 0.8543464052287582 0.8207142857142856 0.036176470588235365 0.04926108374384237
4 0.8184477124183006 0.6782266009852217 0.1604738562091504 0.1636206896551725
4 0.7574673202614379 0.7802709359605912 0.13772875816993457 0.1618472906403942
4 0.8931535947712419 0.9161576354679802 0.03676470588235294 0.039581280788177464
4 0.8415032679738562 0.8875862068965518 0.05017973856209156 0.04046798029556638
4 0.8893627450980391 0.8282019704433498 0.02800653594771258 0.04485221674876856
4 0.554673202614379 0.47677339901477833 0.05076797385620923 0.06332512315270931
4 0.5076960784313725 0.4776600985221675 0.032679738562091505 0.042216748768472874
4 0.481437908496732 0.4640147783251231 0.04434640522875815 0.03605911330049258
4 0.6964869281045751 0.5607881773399015 0.07995098039215678 0.09236453201970443
4 0.7093300653594772 0.6021182266009852 0.10795751633986918 0.07830049261083749