4 0.352124183006536 0.8321078431372549 0.09477124183006536 0.15441176470588236
4 0.35784313725490197 0.7156862745098039 0.08823529411764706 0.2034313725490196
4 0.44199346405228757 0.8088235294117647 0.08660130718954248 0.19852941176470587
4 0.4477124183006536 0.6813725490196079 0.06045751633986928 0.11764705882352941
4 0.6756535947712419 0.803921568627451 0.08333333333333333 0.14705882352941177
4 0.6756535947712419 0.7071078431372549 0.06699346405228758 0.11274509803921569
4 0.6331699346405228 0.6691176470588235 0.05228758169934641 0.09558823529411764
4 0.5931372549019608 0.6973039215686274 0.05718954248366013 0.0784313725490196
4 0.6127450980392157 0.7647058823529411 0.07352941176470588 0.13725490196078433
4 0.5939542483660131 0.6262254901960784 0.05228758169934641 0.11519607843137254
4 0.5318627450980392 0.6090686274509803 0.06045751633986928 0.125
4 0.4959150326797386 0.6495098039215687 0.08660130718954248 0.15441176470588236
4 0.4934640522875817 0.7352941176470589 0.07516339869281045 0.11029411764705882
4 0.5277777777777778 0.7830882352941176 0.08986928104575163 0.14705882352941177
5 0.5179738562091504 0.678921568627451 0.4084967320261438 0.5392156862745098