4 0.8415032679738562 0.6605392156862745 0.14215686274509803 0.23774509803921567
4 0.4730392156862745 0.7242647058823529 0.5620915032679739 0.3872549019607843
4 0.4354575163398693 0.7965686274509803 0.19444444444444445 0.21568627450980393
4 0.3488562091503268 0.6825980392156863 0.09967320261437909 0.25
4 0.25326797385620914 0.7512254901960784 0.08660130718954248 0.23284313725490197
4 0.44199346405228757 0.6053921568627451 0.1111111111111111 0.27450980392156865
4 0.5751633986928104 0.4387254901960784 0.10620915032679738 0.13480392156862744
4 0.7107843137254902 0.40441176470588236 0.0784313725490196 0.09558823529411764
4 0.8137254901960784 0.38848039215686275 0.08006535947712418 0.1053921568627451
4 0.755718954248366 0.3946078431372549 0.058823529411764705 0.125
4 0.8496732026143791 0.3897058823529412 0.08496732026143791 0.10294117647058823
4 0.6437908496732027 0.3872549019607843 0.08823529411764706 0.12990196078431374
5 0.8300653594771242 0.5661764705882353 0.20751633986928106 0.5049019607843137
5 0.7075163398692811 0.5625 0.1977124183006536 0.6127450980392157
5 0.5727124183006536 0.5735294117647058 0.17973856209150327 0.6176470588235294