5 0.5939542483660131 0.6985294117647058 0.41830065359477125 0.5490196078431373
4 0.6339869281045751 0.48651960784313725 0.09967320261437909 0.08823529411764706
4 0.6813725490196079 0.678921568627451 0.07516339869281045 0.12990196078431374
4 0.6576797385620915 0.7806372549019608 0.058823529411764705 0.2181372549019608
4 0.6560457516339869 0.8492647058823529 0.10947712418300654 0.15931372549019607
4 0.7295751633986928 0.8492647058823529 0.10457516339869281 0.09558823529411764
4 0.7287581699346405 0.7732843137254902 0.05718954248366013 0.0857843137254902
4 0.7655228758169934 0.7745098039215687 0.049019607843137254 0.09803921568627451
4 0.8284313725490197 0.8333333333333334 0.05555555555555555 0.09068627450980392
4 0.8496732026143791 0.7953431372549019 0.06372549019607843 0.07598039215686274
4 0.795751633986928 0.8112745098039216 0.05065359477124183 0.11519607843137254
4 0.8823529411764706 0.8713235294117647 0.05228758169934641 0.08823529411764706
4 0.9084967320261438 0.8823529411764706 0.05555555555555555 0.10294117647058823
4 0.8202614379084967 0.9044117647058824 0.09313725490196079 0.09068627450980392
4 0.803921568627451 0.9583333333333334 0.09477124183006536 0.08333333333333333
4 0.5939542483660131 0.8088235294117647 0.07352941176470588 0.10784313725490197
4 0.5473856209150327 0.7867647058823529 0.05718954248366013 0.10784313725490197
4 0.5040849673202614 0.7879901960784313 0.04411764705882353 0.13480392156862744
4 0.4795751633986928 0.7757352941176471 0.03594771241830065 0.16176470588235295
4 0.41830065359477125 0.8051470588235294 0.0915032679738562 0.18137254901960784
4 0.3954248366013072 0.7892156862745098 0.08823529411764706 0.08333333333333333
4 0.5098039215686274 0.6678921568627451 0.10784313725490197 0.11274509803921569
4 0.44607843137254904 0.6495098039215687 0.0457516339869281 0.1053921568627451
4 0.380718954248366 0.6544117647058824 0.0915032679738562 0.15441176470588236