5 0.4847549019607843 0.5927777777777777 0.5201470588235293 0.6790196078431372
4 0.4997303921568627 0.3454084967320261 0.3894362745098039 0.12073529411764704
4 0.5657598039215687 0.49563725490196076 0.29274509803921567 0.10893790849673196
4 0.3131862745098039 0.4502614379084967 0.08441176470588235 0.04539215686274505
4 0.19404411764705884 0.8156372549019608 0.11573529411764706 0.04084967320261438
4 0.2825490196078431 0.8228921568627451 0.03676470588235294 0.03722222222222218
4 0.3587990196078431 0.9050490196078431 0.07762254901960788 0.049019607843137254
4 0.4942892156862745 0.8927941176470588 0.08441176470588235 0.08078431372549029
4 0.5610049019607842 0.9050490196078431 0.05990196078431372 0.029052287581699303
4 0.6815196078431373 0.9036928104575163 0.09394607843137265 0.06990196078431368
4 0.7400490196078431 0.8732679738562092 0.09394607843137265 0.05083333333333317
4 0.7958823529411765 0.903235294117647 0.0912254901960785 0.0635457516339871
4 0.7999754901960784 0.8700980392156863 0.09394607843137265 0.055375816993464215
4 0.9387254901960784 0.8472222222222222 0.12254901960784313 0.12581699346405228
4 0.9479901960784313 0.9490686274509804 0.1040196078431374 0.09349673202614384