5 0.33905228758169936 0.5380047505938242 0.5686274509803921 0.7505938242280285
4 0.37254901960784315 0.28741092636579574 0.24183006535947713 0.2209026128266033
4 0.5612745098039216 0.6342042755344418 0.04738562091503268 0.06175771971496437
4 0.5383986928104575 0.7019002375296912 0.05718954248366013 0.0831353919239905
4 0.5065359477124183 0.7173396674584323 0.05228758169934641 0.06413301662707839
4 0.5163398692810458 0.7992874109263658 0.0457516339869281 0.05463182897862233
4 0.4215686274509804 0.7410926365795725 0.05718954248366013 0.10451306413301663
4 0.3161764705882353 0.831353919239905 0.04084967320261438 0.05463182897862233
4 0.24836601307189543 0.7470308788598575 0.03431372549019608 0.052256532066508314
4 0.25735294117647056 0.6900237529691211 0.042483660130718956 0.0665083135391924
4 0.16339869281045752 0.6793349168646081 0.06045751633986928 0.0665083135391924
4 0.20669934640522875 0.8254156769596199 0.03758169934640523 0.06175771971496437
4 0.16176470588235295 0.83729216152019 0.04084967320261438 0.0688836104513064
4 0.10620915032679738 0.8432304038004751 0.04084967320261438 0.052256532066508314
4 0.3341503267973856 0.6294536817102138 0.06699346405228758 0.1021377672209026
4 0.5081699346405228 0.5783847980997625 0.06535947712418301 0.0498812351543943