4 0.40875 0.1503267973856209 0.7175 0.2908496732026144
4 0.2275 0.6045751633986928 0.285 0.27941176470588236
4 0.19375 0.4035947712418301 0.2025 0.14705882352941177
4 0.04375 0.4534313725490196 0.0875 0.08986928104575163
4 0.05875 0.24591503267973855 0.1175 0.08660130718954248
4 0.7575 0.255718954248366 0.1425 0.09803921568627451
4 0.8375 0.3700980392156863 0.2875 0.13725490196078433
4 0.82 0.47630718954248363 0.26 0.13071895424836602
4 0.8625 0.5285947712418301 0.275 0.18137254901960784
4 0.59875 0.678921568627451 0.53 0.28594771241830064
4 0.4225 0.7908496732026143 0.5 0.15849673202614378
4 0.20875 0.7679738562091504 0.3425 0.2434640522875817
4 0.52125 0.7434640522875817 0.9575 0.5130718954248366
4 0.8825 0.8733660130718954 0.235 0.2042483660130719
4 0.90625 0.7320261437908496 0.1875 0.11764705882352941
4 0.70875 0.8954248366013072 0.235 0.16176470588235295
4 0.515 0.9084967320261438 0.135 0.1830065359477124
4 0.3775 0.9272875816993464 0.27 0.1454248366013072
4 0.2075 0.9395424836601307 0.165 0.12091503267973856
5 0.5 0.5 1 1