5 0.5727124183006536 0.3572984749455338 0.380718954248366 0.6143790849673203
4 0.5620915032679739 0.20697167755991286 0.23039215686274508 0.23093681917211328
4 0.6928104575163399 0.5686274509803921 0.07679738562091504 0.0915032679738562
4 0.7344771241830066 0.7331154684095861 0.06045751633986928 0.0915032679738562
4 0.8921568627450981 0.7745098039215687 0.08660130718954248 0.0784313725490196
4 0.8194444444444444 0.9912854030501089 0.04738562091503268 0.017429193899782137
4 0.6274509803921569 0.9237472766884531 0.08660130718954248 0.0784313725490196
4 0.6062091503267973 0.7494553376906318 0.049019607843137254 0.11764705882352941
4 0.630718954248366 0.8845315904139434 0.03594771241830065 0.0915032679738562
4 0.5220588235294118 0.9357298474945533 0.10457516339869281 0.12854030501089325
4 0.4395424836601307 0.8572984749455338 0.06045751633986928 0.08932461873638345
4 0.35375816993464054 0.7211328976034859 0.07679738562091504 0.08496732026143791
4 0.3047385620915033 0.6416122004357299 0.05065359477124183 0.06971677559912855
4 0.2696078431372549 0.8224400871459695 0.05718954248366013 0.06971677559912855