5 0.6601307189542484 0.5595238095238095 0.3545751633986928 0.8452380952380952
5 0.36437908496732024 0.47023809523809523 0.3333333333333333 0.8571428571428571
4 0.6862745098039216 0.25297619047619047 0.238562091503268 0.2113095238095238
4 0.9313725490196079 0.8764880952380952 0.09803921568627451 0.1636904761904762
4 0.8202614379084967 0.8645833333333334 0.16013071895424835 0.17261904761904762
4 0.8071895424836601 0.8318452380952381 0.10457516339869281 0.2261904761904762
4 0.7524509803921569 0.7946428571428571 0.13071895424836602 0.31845238095238093
4 0.3815359477124183 0.7336309523809523 0.7630718954248366 0.5029761904761905
4 0.6838235294117647 0.7455357142857143 0.06862745098039216 0.10119047619047619
4 0.6650326797385621 0.8452380952380952 0.12418300653594772 0.1636904761904762
4 0.5906862745098039 0.8035714285714286 0.06699346405228758 0.13095238095238096
4 0.5588235294117647 0.7142857142857143 0.08006535947712418 0.1488095238095238
4 0.5408496732026143 0.5744047619047619 0.0718954248366013 0.20535714285714285
4 0.48856209150326796 0.5431547619047619 0.08006535947712418 0.16964285714285715
4 0.4738562091503268 0.6904761904761905 0.0915032679738562 0.16666666666666666
4 0.5106209150326797 0.7991071428571429 0.08169934640522876 0.13095238095238096
4 0.5522875816993464 0.8645833333333334 0.09313725490196079 0.15476190476190477
4 0.49754901960784315 0.8467261904761905 0.05718954248366013 0.1636904761904762
4 0.4411764705882353 0.8035714285714286 0.0915032679738562 0.20535714285714285
4 0.4076797385620915 0.7321428571428571 0.0784313725490196 0.1875
4 0.39950980392156865 0.8050595238095238 0.08823529411764706 0.20535714285714285
4 0.35784313725490197 0.7633928571428571 0.06209150326797386 0.19345238095238096
4 0.3545751633986928 0.6726190476190477 0.07026143790849673 0.10119047619047619
4 0.3415032679738562 0.6220238095238095 0.10130718954248366 0.12797619047619047
4 0.2867647058823529 0.5877976190476191 0.06699346405228758 0.12202380952380952
4 0.29901960784313725 0.6964285714285714 0.0718954248366013 0.17261904761904762
4 0.30718954248366015 0.7782738095238095 0.1111111111111111 0.18154761904761904
4 0.26633986928104575 0.7276785714285714 0.06372549019607843 0.19047619047619047
4 0.238562091503268 0.7336309523809523 0.06535947712418301 0.17559523809523808
4 0.28513071895424835 0.8199404761904762 0.10294117647058823 0.09821428571428571
4 0.19117647058823528 0.7485119047619048 0.08333333333333333 0.11904761904761904
4 0.2034313725490196 0.6711309523809523 0.07026143790849673 0.11607142857142858
4 0.20506535947712418 0.6026785714285714 0.05228758169934641 0.09523809523809523
4 0.20833333333333334 0.5580357142857143 0.09967320261437909 0.15178571428571427
4 0.24673202614379086 0.4806547619047619 0.09477124183006536 0.16071428571428573
4 0.18790849673202614 0.4806547619047619 0.10947712418300654 0.19345238095238096
4 0.14297385620915032 0.5580357142857143 0.11437908496732026 0.25297619047619047
4 0.15522875816993464 0.6473214285714286 0.08986928104575163 0.13095238095238096
4 0.14787581699346405 0.7053571428571429 0.08986928104575163 0.14583333333333334
4 0.0661764705882353 0.7127976190476191 0.1323529411764706 0.19940476190476192
4 0.059640522875817 0.6101190476190477 0.119281045751634 0.18452380952380953
4 0.39133986928104575 0.17410714285714285 0.21568627450980393 0.18154761904761904
4 0.47875816993464054 0.2976190476190476 0.06209150326797386 0.09821428571428571
4 0.369281045751634 0.2708333333333333 0.1454248366013072 0.15178571428571427