4 0.45297385620915037 0.5909558823529412 0.3770261437908497 0.26507352941176465
4 0.6511764705882352 0.5887009803921569 0.07504901960784306 0.12617647058823533
4 0.812156862745098 0.5714460784313725 0.07867647058823525 0.13708333333333336
4 0.7092647058823529 0.5664460784313726 0.04599673202614375 0.10892156862745098
4 0.6684150326797386 0.46115196078431375 0.0695915032679739 0.05446078431372542
4 0.21000000000000002 0.42348039215686273 0.1246732026143791 0.11348039215686277
4 0.13192810457516338 0.4479901960784314 0.11861111111111111 0.12073529411764704
4 0.058104575163398696 0.4833823529411765 0.11619281045751637 0.10620098039215682
5 0.06112745098039215 0.6054901960784314 0.12223856209150327 0.41031862745098047
5 0.14857843137254903 0.5550980392156863 0.14343137254901958 0.3658333333333334
5 0.2181699346405229 0.504264705882353 0.122859477124183 0.33134803921568634
5 0.667516339869281 0.5473774509803921 0.0932026143790849 0.25416666666666665
5 0.7846241830065358 0.5106127450980392 0.15310457516339868 0.21877450980392155