4 0.23111979166666666 0.5601851851851852 0.21744791666666666 0.1527777777777778
4 0.037109375 0.8391203703703703 0.07421875 0.1550925925925926
4 0.3365885416666667 0.7569444444444444 0.12109375 0.14351851851851852
4 0.3821614583333333 0.6875 0.09375 0.12268518518518519
4 0.58984375 0.6840277777777778 0.14713541666666666 0.19907407407407407
4 0.5540364583333334 0.7037037037037037 0.052083333333333336 0.09490740740740741
4 0.5397135416666666 0.7604166666666666 0.0859375 0.12037037037037036
4 0.5110677083333334 0.6516203703703703 0.053385416666666664 0.11805555555555555
4 0.509765625 0.5879629629629629 0.045572916666666664 0.09490740740740741
4 0.6236979166666666 0.5428240740740741 0.109375 0.16898148148148148
4 0.62109375 0.6053240740740741 0.16145833333333334 0.16666666666666666
4 0.728515625 0.7083333333333334 0.15494791666666666 0.10648148148148148
4 0.6197916666666666 0.47453703703703703 0.07552083333333333 0.08101851851851852
4 0.5944010416666666 0.41203703703703703 0.05859375 0.10648148148148148
4 0.724609375 0.2673611111111111 0.06380208333333333 0.08333333333333333