5 0.27450980392156865 0.5490196078431373 0.5196078431372549 0.9019607843137255
5 0.6356209150326797 0.5098039215686274 0.3137254901960784 0.6691176470588235
4 0.875 0.616421568627451 0.07352941176470588 0.13480392156862744
4 0.7949346405228758 0.5441176470588235 0.12254901960784313 0.11764705882352941
4 0.8169934640522876 0.5575980392156863 0.119281045751634 0.11519607843137254
4 0.8488562091503268 0.6225490196078431 0.08333333333333333 0.14950980392156862
4 0.7696078431372549 0.6495098039215687 0.14052287581699346 0.12254901960784313
4 0.7892156862745098 0.6997549019607843 0.10620915032679738 0.16666666666666666
4 0.7066993464052288 0.6286764705882353 0.09477124183006536 0.27450980392156865
4 0.6911764705882353 0.7512254901960784 0.14215686274509803 0.16666666666666666
4 0.6462418300653595 0.6703431372549019 0.08496732026143791 0.21568627450980393
4 0.5669934640522876 0.5894607843137255 0.10947712418300654 0.19117647058823528
4 0.5604575163398693 0.6691176470588235 0.1454248366013072 0.24509803921568626
4 0.6160130718954249 0.7794117647058824 0.1454248366013072 0.12990196078431374
4 0.5294117647058824 0.7340686274509803 0.1323529411764706 0.14705882352941177
4 0.5089869281045751 0.8517156862745098 0.18627450980392157 0.19607843137254902
4 0.41911764705882354 0.9080882352941176 0.07516339869281045 0.11519607843137254
4 0.4256535947712418 0.9558823529411765 0.07679738562091504 0.08823529411764706
4 0.3366013071895425 0.8541666666666666 0.16013071895424835 0.28921568627450983
4 0.5898692810457516 0.5784313725490197 0.1568627450980392 0.19607843137254902
4 0.30310457516339867 0.3075980392156863 0.4493464052287582 0.18872549019607843
4 0.30800653594771243 0.20465686274509803 0.3741830065359477 0.1715686274509804