5 0.4584313725490196 0.46431372549019606 0.29109477124183003 0.8051960784313725
4 0.42906862745098034 0.27914215686274507 0.15614379084967325 0.1425245098039216
4 0.4874673202614379 0.1452450980392157 0.25962418300653595 0.1670343137254902
4 0.8130555555555555 0.9675 0.12285947712418291 0.06499999999999996
4 0.8442320261437908 0.8124509803921569 0.10287581699346411 0.15250000000000008
4 0.7755392156862745 0.6499754901960785 0.034493464052287606 0.1288970588235295
4 0.7001960784313725 0.6372549019607843 0.05687908496732017 0.08350490196078436
4 0.6820424836601308 0.7797794117647058 0.24449346405228758 0.3304166666666666
4 0.45176470588235296 0.8187990196078431 0.24509803921568626 0.2160539215686274
4 0.283218954248366 0.7203186274509804 0.22996732026143793 0.3077450980392156
4 0.10741830065359476 0.7280392156862746 0.079281045751634 0.06718137254901953
4 0.14887254901960784 0.8387745098039217 0.048415032679738554 0.06899509803921564