4 0.4477124183006536 0.5845588235294118 0.39052287581699346 0.3137254901960784
4 0.6454248366013072 0.6078431372549019 0.08169934640522876 0.13480392156862744
4 0.8071895424836601 0.6115196078431373 0.08660130718954248 0.14705882352941177
4 0.704248366013072 0.5931372549019608 0.05228758169934641 0.11519607843137254
4 0.6699346405228758 0.48284313725490197 0.0718954248366013 0.06372549019607843
4 0.21568627450980393 0.3860294117647059 0.13071895424836602 0.12990196078431374
4 0.136437908496732 0.39950980392156865 0.12581699346405228 0.13480392156862744
4 0.06045751633986928 0.4252450980392157 0.12091503267973856 0.12009803921568628
5 0.06454248366013073 0.5477941176470589 0.12908496732026145 0.42401960784313725
5 0.14705882352941177 0.508578431372549 0.16339869281045752 0.38235294117647056
5 0.21895424836601307 0.46691176470588236 0.14215686274509803 0.34558823529411764
5 0.6642156862745098 0.5686274509803921 0.10784313725490197 0.2647058823529412
5 0.7826797385620915 0.5477941176470589 0.1650326797385621 0.23774509803921567