4 0.49019607843137253 0.30718954248366015 0.18082788671023964 0.08823529411764706
4 0.4411764705882353 0.5302287581699346 0.10239651416122005 0.049019607843137254
4 0.6056644880174292 0.6053921568627451 0.12200435729847495 0.04738562091503268
4 0.6198257080610022 0.6470588235294118 0.10893246187363835 0.04738562091503268
4 0.6328976034858388 0.704248366013072 0.12200435729847495 0.06862745098039216
4 0.738562091503268 0.7075163398692811 0.10457516339869281 0.06209150326797386
4 0.7145969498910676 0.7540849673202614 0.14596949891067537 0.06862745098039216
4 0.803921568627451 0.6568627450980392 0.11764705882352941 0.05228758169934641
4 0.9313725490196079 0.6299019607843137 0.12854030501089325 0.0915032679738562
4 0.5806100217864923 0.5294117647058824 0.1655773420479303 0.15359477124183007
4 0.6830065359477124 0.5343137254901961 0.15904139433551198 0.2369281045751634
4 0.7712418300653595 0.48366013071895425 0.2178649237472767 0.12745098039215685
5 0.5882352941176471 0.45098039215686275 0.5446623093681917 0.545751633986928