4 0.08715686274509804 0.2650653594771242 0.17428921568627453 0.33223856209150326
4 0.24441176470588236 0.26552287581699346 0.12664215686274513 0.22784313725490196
4 0.3778676470588235 0.26552287581699346 0.1375245098039216 0.18972222222222224
4 0.6325 0.22875816993464052 0.38534313725490205 0.13980392156862745
4 0.8571568627450981 0.25508169934640523 0.24372549019607856 0.16158496732026142
4 0.8224509803921569 0.37264705882352944 0.3349754901960783 0.1715686274509804
4 0.8666911764705882 0.48294117647058826 0.15659313725490193 0.14705882352941177
4 0.5582843137254901 0.5274183006535947 0.1879166666666667 0.15068627450980396
4 0.43436274509803924 0.474313725490196 0.31862745098039214 0.2333006535947712
4 0.23965686274509804 0.49745098039215685 0.2097058823529412 0.15068627450980396
4 0.09941176470588235 0.5392156862745098 0.19879901960784316 0.14161764705882346
4 0.2607598039215686 0.5877777777777778 0.15931372549019604 0.09531045751633993
4 0.503406862745098 0.3740032679738562 0.993186274509804 0.5555555555555556
5 0.5047549019607843 0.5381209150326797 0.9904656862745098 0.9237418300653596