5 0.5119825708061002 0.37336601307189543 0.42919389978213507 0.7287581699346405
4 0.8518518518518519 0.6772875816993464 0.2374727668845316 0.15359477124183007
4 0.5337690631808278 0.7589869281045751 0.21350762527233116 0.13398692810457516
4 0.7919389978213508 0.8897058823529411 0.1394335511982571 0.11764705882352941
4 0.6470588235294118 0.9109477124183006 0.15904139433551198 0.13562091503267973
4 0.5196078431372549 0.9191176470588235 0.07407407407407407 0.09477124183006536
4 0.3093681917211329 0.863562091503268 0.14161220043572983 0.09967320261437909
4 0.20588235294117646 0.829248366013072 0.1394335511982571 0.11437908496732026
4 0.43681917211328974 0.24101307189542484 0.4139433551198257 0.3006535947712418
4 0.43899782135076254 0.06699346405228758 0.20043572984749455 0.07352941176470588
4 0.05119825708061002 0.6184640522875817 0.07407407407407407 0.06209150326797386