4 0.2312091503267974 0.6580882352941176 0.08333333333333333 0.1053921568627451
4 0.3047385620915033 0.6360294117647058 0.08333333333333333 0.09558823529411764
4 0.3880718954248366 0.6176470588235294 0.0718954248366013 0.0784313725490196
4 0.46895424836601307 0.6225490196078431 0.05065359477124183 0.04656862745098039
4 0.5490196078431373 0.6004901960784313 0.06535947712418301 0.06372549019607843
4 0.6372549019607843 0.5796568627450981 0.06862745098039216 0.07352941176470588
4 0.7099673202614379 0.5637254901960784 0.09803921568627451 0.08088235294117647
4 0.7810457516339869 0.5428921568627451 0.08333333333333333 0.09068627450980392
4 0.8055555555555556 0.6936274509803921 0.16176470588235295 0.12745098039215685
4 0.7810457516339869 0.6973039215686274 0.08986928104575163 0.11029411764705882
4 0.7287581699346405 0.7218137254901961 0.07679738562091504 0.10294117647058823
4 0.5400326797385621 0.7696078431372549 0.049019607843137254 0.061274509803921566
4 0.4991830065359477 0.7818627450980392 0.04411764705882353 0.0661764705882353
4 0.44281045751633985 0.7855392156862745 0.12091503267973856 0.09803921568627451
4 0.3202614379084967 0.8088235294117647 0.08169934640522876 0.06372549019607843
4 0.27450980392156865 0.7965686274509803 0.05718954248366013 0.0784313725490196
4 0.23039215686274508 0.8002450980392157 0.09967320261437909 0.09068627450980392
5 0.2361111111111111 0.7328431372549019 0.1111111111111111 0.2549019607843137
5 0.30800653594771243 0.7058823529411765 0.1111111111111111 0.30637254901960786
5 0.39705882352941174 0.6997549019607843 0.08660130718954248 0.25735294117647056
5 0.47794117647058826 0.7022058823529411 0.13725490196078433 0.26715686274509803
5 0.5604575163398693 0.6764705882352942 0.09640522875816994 0.26715686274509803
5 0.6437908496732027 0.6519607843137255 0.10784313725490197 0.27205882352941174
5 0.7222222222222222 0.6299019607843137 0.09640522875816994 0.24509803921568626
5 0.8022875816993464 0.6090686274509803 0.10620915032679738 0.2549019607843137