5 0.21486928104575165 0.5098039215686274 0.35784313725490197 0.8848039215686274
5 0.5359477124183006 0.5674019607843137 0.41830065359477125 0.8235294117647058
4 0.4665032679738562 0.2181372549019608 0.22875816993464052 0.19607843137254902
4 0.6086601307189542 0.3480392156862745 0.1454248366013072 0.19117647058823528
4 0.6217320261437909 0.4877450980392157 0.14215686274509803 0.2107843137254902
4 0.5841503267973857 0.6299019607843137 0.16666666666666666 0.22549019607843138
4 0.5882352941176471 0.8308823529411765 0.2777777777777778 0.23529411764705882
4 0.6985294117647058 0.6556372549019608 0.12908496732026145 0.21323529411764705
4 0.821078431372549 0.5343137254901961 0.21241830065359477 0.3161764705882353
4 0.9191176470588235 0.6433823529411765 0.16176470588235295 0.27205882352941174
4 0.826797385620915 0.8431372549019608 0.32679738562091504 0.3137254901960784
4 0.36519607843137253 0.7732843137254902 0.13725490196078433 0.2647058823529412
4 0.1977124183006536 0.7438725490196079 0.25163398692810457 0.3553921568627451
4 0.11274509803921569 0.8125 0.2042483660130719 0.3137254901960784
4 0.04003267973856209 0.7855392156862745 0.08006535947712418 0.34068627450980393
4 0.1119281045751634 0.6139705882352942 0.18627450980392157 0.32107843137254904
4 0.06781045751633986 0.44730392156862747 0.13562091503267973 0.3553921568627451
4 0.16258169934640523 0.49264705882352944 0.11437908496732026 0.2549019607843137