4 0.630718954248366 0.3235294117647059 0.06372549019607843 0.11764705882352941
4 0.6013071895424836 0.3627450980392157 0.06862745098039216 0.10239651416122005
4 0.5580065359477124 0.37037037037037035 0.049019607843137254 0.09586056644880174
4 0.5253267973856209 0.369281045751634 0.06045751633986928 0.0915032679738562
4 0.47875816993464054 0.3681917211328976 0.0457516339869281 0.11982570806100218
4 0.43300653594771243 0.35838779956427014 0.049019607843137254 0.10239651416122005
4 0.38562091503267976 0.3453159041394335 0.06535947712418301 0.11328976034858387
4 0.35049019607843135 0.3028322440087146 0.04411764705882353 0.10893246187363835
4 0.3872549019607843 0.2701525054466231 0.05392156862745098 0.0915032679738562
4 0.35866013071895425 0.23638344226579522 0.06372549019607843 0.08061002178649238
4 0.41830065359477125 0.1906318082788671 0.05392156862745098 0.06753812636165578
4 0.38643790849673204 0.1895424836601307 0.06209150326797386 0.09368191721132897
4 0.4583333333333333 0.1895424836601307 0.06862745098039216 0.06318082788671024
4 0.45588235294117646 0.25925925925925924 0.07516339869281045 0.1503267973856209
4 0.4272875816993464 0.21459694989106753 0.08823529411764706 0.10457516339869281
4 0.5008169934640523 0.2647058823529412 0.07352941176470588 0.11982570806100218
4 0.6919934640522876 0.7080610021786492 0.19117647058823528 0.23529411764705882
4 0.7009803921568627 0.8398692810457516 0.238562091503268 0.22004357298474944
4 0.6503267973856209 0.9172113289760349 0.07026143790849673 0.08932461873638345
4 0.6070261437908496 0.8769063180827886 0.049019607843137254 0.0718954248366013
4 0.5857843137254902 0.9226579520697168 0.08496732026143791 0.09586056644880174
4 0.636437908496732 0.9771241830065359 0.08006535947712418 0.0457516339869281
4 0.3276143790849673 0.9106753812636166 0.0718954248366013 0.14814814814814814
4 0.10294117647058823 0.9291938997821351 0.11764705882352941 0.06535947712418301
4 0.015522875816993464 0.8801742919389978 0.03104575163398693 0.13071895424836602
4 0.9174836601307189 0.8126361655773421 0.0718954248366013 0.06535947712418301
4 0.9616013071895425 0.7745098039215687 0.05065359477124183 0.08714596949891068
4 0.8725490196078431 0.5871459694989106 0.032679738562091505 0.04793028322440087
4 0.815359477124183 0.5533769063180828 0.07026143790849673 0.058823529411764705
4 0.7009803921568627 0.6002178649237473 0.04084967320261438 0.07407407407407407
4 0.6511437908496732 0.5392156862745098 0.042483660130718956 0.04793028322440087
5 0.4877450980392157 0.5522875816993464 0.8316993464052288 0.8954248366013072