4 0.2581699346405229 0.038083538083538086 0.12091503267973856 0.07616707616707617
4 0.2769607843137255 0.07002457002457002 0.119281045751634 0.14004914004914004
4 0.30392156862745096 0.12285012285012285 0.13398692810457516 0.15233415233415235
4 0.33088235294117646 0.1941031941031941 0.14052287581699346 0.1891891891891892
4 0.35947712418300654 0.24324324324324326 0.15196078431372548 0.18673218673218672
4 0.3946078431372549 0.2985257985257985 0.1568627450980392 0.21867321867321868
4 0.3897058823529412 0.4275184275184275 0.0915032679738562 0.14004914004914004
4 0.4068627450980392 0.5528255528255528 0.12418300653594772 0.11302211302211303
4 0.5261437908496732 0.44963144963144963 0.05065359477124183 0.07616707616707617
4 0.5089869281045751 0.5085995085995086 0.09967320261437909 0.07862407862407862
4 0.6143790849673203 0.5798525798525799 0.14869281045751634 0.19901719901719903
4 0.7263071895424836 0.6253071253071253 0.11437908496732026 0.1941031941031941
4 0.7794117647058824 0.7371007371007371 0.08006535947712418 0.1375921375921376
4 0.8325163398692811 0.8316953316953317 0.17483660130718953 0.1597051597051597
4 0.7573529411764706 0.8943488943488943 0.049019607843137254 0.05405405405405406
4 0.7377450980392157 0.9582309582309583 0.05555555555555555 0.056511056511056514
4 0.8088235294117647 0.898034398034398 0.04411764705882353 0.06142506142506143
4 0.9035947712418301 0.9533169533169533 0.07516339869281045 0.09336609336609336
4 0.9264705882352942 0.8845208845208845 0.03431372549019608 0.0687960687960688
4 0.9526143790849673 0.9643734643734644 0.05555555555555555 0.07125307125307126
4 0.40604575163398693 0.8206388206388207 0.20588235294117646 0.11547911547911548
4 0.31781045751633985 0.7788697788697788 0.08823529411764706 0.08353808353808354
4 0.309640522875817 0.8857493857493858 0.14052287581699346 0.12776412776412777
4 0.1053921568627451 0.855036855036855 0.1503267973856209 0.11302211302211303
4 0.2761437908496732 0.6621621621621622 0.05718954248366013 0.06142506142506143
4 0.23774509803921567 0.6068796068796068 0.03594771241830065 0.05896805896805897
4 0.21650326797385622 0.644963144963145 0.0457516339869281 0.056511056511056514
4 0.04411764705882353 0.5749385749385749 0.04411764705882353 0.04176904176904177
4 0.24754901960784315 0.6977886977886978 0.04738562091503268 0.044226044226044224
4 0.3276143790849673 0.6842751842751843 0.04084967320261438 0.03931203931203931
4 0.41013071895424835 0.6928746928746928 0.042483660130718956 0.04176904176904177
4 0.44607843137254904 0.687960687960688 0.03431372549019608 0.036855036855036855
4 0.43790849673202614 0.7039312039312039 0.03104575163398693 0.044226044226044224
4 0.5163398692810458 0.6425061425061425 0.07679738562091504 0.08353808353808354
4 0.5392156862745098 0.7186732186732187 0.08169934640522876 0.10565110565110565
4 0.5334967320261438 0.7702702702702703 0.0718954248366013 0.09336609336609336
4 0.5555555555555556 0.816953316953317 0.04411764705882353 0.051597051597051594
4 0.6519607843137255 0.8390663390663391 0.07352941176470588 0.07371007371007371
4 0.2222222222222222 0.31695331695331697 0.07516339869281045 0.04914004914004914
4 0.24591503267973855 0.4533169533169533 0.03431372549019608 0.04914004914004914
4 0.2916666666666667 0.45085995085995084 0.05228758169934641 0.05896805896805897
4 0.14869281045751634 0.28624078624078625 0.04411764705882353 0.03931203931203931
4 0.12826797385620914 0.21253071253071254 0.07679738562091504 0.07862407862407862
4 0.2099673202614379 0.22972972972972974 0.029411764705882353 0.03194103194103194
4 0.22303921568627452 0.19901719901719903 0.042483660130718956 0.044226044226044224
4 0.23284313725490197 0.24324324324324326 0.03758169934640523 0.04914004914004914
4 0.20669934640522875 0.12776412776412777 0.049019607843137254 0.06633906633906633
4 0.17647058823529413 0.11916461916461916 0.03104575163398693 0.03931203931203931
4 0.12009803921568628 0.018427518427518427 0.03431372549019608 0.036855036855036855