4 0.96875 0.6342592592592593 0.052083333333333336 0.125
4 0.89453125 0.6157407407407407 0.12760416666666666 0.11574074074074074
4 0.7994791666666666 0.6516203703703703 0.2825520833333333 0.1875
4 0.8352864583333334 0.26273148148148145 0.06901041666666667 0.10648148148148148
4 0.8723958333333334 0.2916666666666667 0.041666666666666664 0.0787037037037037
4 0.5514322916666666 0.14467592592592593 0.06901041666666667 0.09259259259259259
4 0.4427083333333333 0.1087962962962963 0.049479166666666664 0.06712962962962964
4 0.5963541666666666 0.6168981481481481 0.1328125 0.16203703703703703
4 0.4830729166666667 0.6493055555555556 0.3098958333333333 0.35185185185185186
4 0.3046875 0.7453703703703703 0.13411458333333334 0.09490740740740741
4 0.22591145833333334 0.7951388888888888 0.07942708333333333 0.09722222222222222
4 0.14453125 0.7754629629629629 0.07682291666666667 0.1574074074074074
4 0.2421875 0.5567129629629629 0.484375 0.5949074074074074
5 0.6145833333333334 0.40046296296296297 0.7708333333333334 0.8009259259259259