4 0.6380718954248366 0.6752450980392157 0.28104575163398693 0.27205882352941174
4 0.6862745098039216 0.7806372549019608 0.058823529411764705 0.18137254901960784
4 0.8488562091503268 0.7267156862745098 0.20915032679738563 0.18627450980392157
4 0.8676470588235294 0.803921568627451 0.08660130718954248 0.10784313725490197
4 0.7785947712418301 0.9068627450980392 0.08823529411764706 0.0857843137254902
4 0.7883986928104575 0.9583333333333334 0.07026143790849673 0.058823529411764705
4 0.4820261437908497 0.7953431372549019 0.09640522875816994 0.0784313725490196
4 0.49836601307189543 0.8382352941176471 0.08006535947712418 0.058823529411764705
4 0.4117647058823529 0.8517156862745098 0.10620915032679738 0.12990196078431374
4 0.3668300653594771 0.6875 0.09803921568627451 0.10784313725490197
4 0.3758169934640523 0.7659313725490197 0.08823529411764706 0.09803921568627451
4 0.2589869281045752 0.8259803921568627 0.20588235294117646 0.09803921568627451
4 0.23202614379084968 0.6397058823529411 0.10457516339869281 0.11274509803921569
4 0.14787581699346405 0.6433823529411765 0.04084967320261438 0.056372549019607844
4 0.07516339869281045 0.8480392156862745 0.032679738562091505 0.06372549019607843
5 0.696078431372549 0.49387254901960786 0.39705882352941174 0.8308823529411765