4 0.35947712418300654 0.34527415143603135 0.22875816993464052 0.18096605744125327
4 0.48821895424836603 0.4960835509138381 0.09859477124183012 0.2827154046997388
4 0.48851307189542487 0.6545430809399477 0.08676470588235298 0.14945169712793735
4 0.6040196078431372 0.5469451697127937 0.20397058823529418 0.43485639686684074
4 0.5606209150326797 0.7337597911227154 0.05183006535947717 0.06302872062663181
4 0.528235294117647 0.759425587467363 0.11888888888888888 0.0783289817232376
4 0.48062091503267973 0.7625848563968668 0.07325163398692817 0.08822454308093985
4 0.3963888888888889 0.7652741514360314 0.06929738562091507 0.07744125326370749
4 0.4417320261437908 0.7873368146214099 0.06986928104575162 0.07112271540469976
4 0.34341503267973855 0.8404699738903394 0.09297385620915029 0.06751958224543085
4 0.26848039215686276 0.8553263707571801 0.08508169934640522 0.05762402088772859
4 0.5330228758169935 0.8616187989556136 0.06423202614379095 0.06483028720626642
4 0.6485294117647058 0.8210966057441254 0.07212418300653592 0.03240208877284587
4 0.7161437908496732 0.6730026109660574 0.05070261437908492 0.06751958224543085
4 0.2535457516339869 0.7351174934725849 0.04169934640522873 0.06751958224543085
4 0.07014705882352941 0.8089556135770235 0.06704248366013071 0.03872062663185389