4 0.80859375 0.13310185185185186 0.11458333333333333 0.1597222222222222
4 0.814453125 0.26967592592592593 0.08854166666666667 0.1875
4 0.703125 0.23842592592592593 0.12239583333333333 0.12731481481481483
4 0.6412760416666666 0.27314814814814814 0.09895833333333333 0.13657407407407407
4 0.5950520833333334 0.18171296296296297 0.11067708333333333 0.1597222222222222
4 0.439453125 0.19212962962962962 0.09765625 0.12268518518518519
4 0.4954427083333333 0.3414351851851852 0.06901041666666667 0.1736111111111111
4 0.3893229166666667 0.33217592592592593 0.140625 0.1111111111111111
4 0.3645833333333333 0.3645833333333333 0.05859375 0.1087962962962963
4 0.3072916666666667 0.4398148148148148 0.16666666666666666 0.18287037037037038
4 0.3977864583333333 0.47337962962962965 0.10546875 0.14583333333333334
4 0.4778645833333333 0.46064814814814814 0.12239583333333333 0.19212962962962962
4 0.5501302083333334 0.40162037037037035 0.13932291666666666 0.18055555555555555
4 0.6516927083333334 0.3912037037037037 0.20052083333333334 0.22685185185185186
4 0.6360677083333334 0.5162037037037037 0.234375 0.1527777777777778
4 0.7408854166666666 0.4166666666666667 0.0859375 0.1736111111111111
4 0.802734375 0.4085648148148148 0.11197916666666667 0.16666666666666666
4 0.9361979166666666 0.3854166666666667 0.11197916666666667 0.17824074074074073
4 0.8697916666666666 0.45717592592592593 0.10807291666666667 0.20601851851851852
4 0.966796875 0.5439814814814815 0.06640625 0.18981481481481483
4 0.912109375 0.7118055555555556 0.16927083333333334 0.21064814814814814
4 0.7688802083333334 0.7384259259259259 0.20833333333333334 0.2152777777777778
4 0.83203125 0.8865740740740741 0.09895833333333333 0.125
4 0.837890625 0.9525462962962963 0.10026041666666667 0.09490740740740741
4 0.7083333333333334 0.8807870370370371 0.17708333333333334 0.23842592592592593
4 0.5963541666666666 0.8831018518518519 0.109375 0.1550925925925926
4 0.4765625 0.8553240740740741 0.09895833333333333 0.11342592592592593
4 0.58984375 0.6377314814814815 0.15104166666666666 0.21296296296296297
4 0.27734375 0.5983796296296297 0.05859375 0.08564814814814815
4 0.21744791666666666 0.6030092592592593 0.041666666666666664 0.05555555555555555
4 0.19791666666666666 0.9166666666666666 0.07161458333333333 0.08564814814814815
4 0.07747395833333333 0.7395833333333334 0.07161458333333333 0.11342592592592593
4 0.11979166666666667 0.17824074074074073 0.10286458333333333 0.3148148148148148
4 0.17643229166666666 0.21643518518518517 0.0625 0.11805555555555555
4 0.24153645833333334 0.15393518518518517 0.07421875 0.09722222222222222
4 0.2975260416666667 0.10416666666666667 0.0390625 0.06944444444444445
4 0.18424479166666666 0.061342592592592594 0.036458333333333336 0.06481481481481481
4 0.07291666666666667 0.3229166666666667 0.036458333333333336 0.07407407407407407
4 0.029296875 0.38310185185185186 0.0546875 0.08796296296296297