4 0.21650326797385622 0.5784313725490197 0.0784313725490196 0.09558823529411764
4 0.2908496732026144 0.5772058823529411 0.08006535947712418 0.0857843137254902
4 0.375 0.5845588235294118 0.06862745098039216 0.07107843137254902
4 0.4542483660130719 0.6115196078431373 0.049019607843137254 0.041666666666666664
4 0.5351307189542484 0.6127450980392157 0.06209150326797386 0.056372549019607844
4 0.625 0.6176470588235294 0.06535947712418301 0.06372549019607843
4 0.6977124183006536 0.6225490196078431 0.09640522875816994 0.06862745098039216
4 0.7704248366013072 0.6225490196078431 0.08006535947712418 0.08333333333333333
4 0.7753267973856209 0.7781862745098039 0.15849673202614378 0.11029411764705882
4 0.7508169934640523 0.7745098039215687 0.08496732026143791 0.10049019607843138
4 0.696078431372549 0.7830882352941176 0.0718954248366013 0.09313725490196079
4 0.5049019607843137 0.7769607843137255 0.0457516339869281 0.056372549019607844
4 0.4632352941176471 0.7769607843137255 0.04084967320261438 0.061274509803921566
4 0.4076797385620915 0.7647058823529411 0.11764705882352941 0.08333333333333333
4 0.28431372549019607 0.7524509803921569 0.0784313725490196 0.05392156862745098
4 0.24101307189542484 0.7267156862745098 0.05392156862745098 0.07107843137254902
4 0.1977124183006536 0.7181372549019608 0.09640522875816994 0.08088235294117647
5 0.21160130718954248 0.6531862745098039 0.09640522875816994 0.24509803921568626
5 0.28513071895424835 0.6470588235294118 0.09477124183006536 0.2965686274509804
5 0.37336601307189543 0.6666666666666666 0.07352941176470588 0.25245098039215685
5 0.4526143790849673 0.6924019607843137 0.12418300653594772 0.2549019607843137
5 0.5367647058823529 0.6899509803921569 0.08333333333333333 0.25980392156862747
5 0.6217320261437909 0.6899509803921569 0.09313725490196079 0.2622549019607843
5 0.701797385620915 0.6911764705882353 0.08333333333333333 0.23529411764705882
5 0.7826797385620915 0.6936274509803921 0.09313725490196079 0.24509803921568626