5 0.3508072916666667 0.5488888888888889 0.3791015625 0.8359953703703703
4 0.03125 0.625 0.0625 0.2638888888888889
4 0.107421875 0.6690740740740742 0.10466145833333333 0.15046296296296297
4 0.047070312499999996 0.14958333333333335 0.060091145833333325 0.11217592592592594
4 0.21509114583333333 0.24840277777777778 0.0796223958333333 0.09972222222222218
4 0.19756510416666664 0.4464814814814815 0.05058593750000003 0.12196759259259259
4 0.20057291666666666 0.6223379629629631 0.042565104166666666 0.11217592592592594
4 0.5245833333333333 0.840462962962963 0.11768229166666666 0.22791666666666674
4 0.3563151041666666 0.9171064814814814 0.09966145833333333 0.16578703703703704
4 0.5165755208333334 0.49502314814814813 0.0796223958333333 0.18162037037037032
4 0.5353515624999999 0.27064814814814814 0.06510416666666667 0.09437500000000003
4 0.6893489583333333 0.32229166666666664 0.08463541666666667 0.11930555555555557
4 0.6550520833333333 0.8244212962962962 0.07511718749999992 0.1638194444444444
4 0.7314192708333334 0.8644907407407407 0.0876432291666666 0.18518518518518517
4 0.6758333333333333 0.9326851851851852 0.1577473958333334 0.13460648148148144
4 0.36908854166666666 0.29335648148148147 0.28445312500000003 0.3605787037037037