4 0.5189379084967319 0.2196813725490196 0.3152941176470589 0.09441176470588238
4 0.5 0.6490441176470588 1 0.2795833333333334
4 0.4917156862745098 0.6658578431372549 0.11679738562091506 0.09169117647058815
4 0.3567483660130719 0.6545098039215687 0.07807189542483665 0.22875000000000004
4 0.24449346405228758 0.6436029411764705 0.07019607843137252 0.24691176470588239
4 0.24478758169934642 0.7175980392156862 0.13253267973856211 0.1425245098039215
4 0.13465686274509803 0.6245343137254902 0.07321895424836601 0.07443627450980393
4 0.04447712418300653 0.5900490196078432 0.07444444444444445 0.049019607843137254
4 0.04053921568627451 0.5401225490196079 0.06173202614379085 0.06536764705882357
4 0.06294117647058824 0.7244117647058823 0.08834967320261439 0.1288970588235295
4 0.144640522875817 0.7661519607843137 0.07019607843137256 0.10892156862745084
4 0.23480392156862742 0.7983823529411765 0.07140522875816992 0.06446078431372537
4 0.2929084967320261 0.6004901960784313 0.07988562091503265 0.11166666666666661
4 0.35191176470588237 0.5678186274509803 0.08653594771241827 0.11348039215686277
4 0.4263562091503268 0.6132107843137254 0.0695915032679739 0.12254901960784313
4 0.4208986928104575 0.7085049019607843 0.09501633986928101 0.16431372549019607
4 0.49019607843137253 0.6218137254901961 0.08230392156862745 0.08715686274509811
4 0.49050653594771243 0.7325735294117647 0.0671732026143791 0.09803921568627451
4 0.5537418300653595 0.6009558823529412 0.08109477124183005 0.09078431372549017
4 0.5664542483660131 0.7157843137254902 0.06777777777777781 0.10075980392156866
4 0.623937908496732 0.6935294117647058 0.08351307189542485 0.13980392156862742
4 0.6493627450980393 0.5918627450980392 0.10408496732026151 0.09985294117647055
4 0.7056372549019608 0.5614460784313725 0.07019607843137261 0.11710784313725484
4 0.6905065359477124 0.6894607843137255 0.05687908496732036 0.13526960784313719
4 0.7709967320261438 0.6499754901960785 0.07383986928104584 0.1597794117647058
4 0.83 0.674485294117647 0.09138888888888881 0.13071078431372551
4 0.8862908496732026 0.6572303921568627 0.11196078431372546 0.12345588235294119
4 0.935 0.6023039215686274 0.11740196078431357 0.11529411764705881
4 0.9607189542483661 0.6858088235294117 0.06717320261437892 0.05174019607843141
4 0.8393790849673204 0.5700735294117647 0.0907843137254901 0.08350490196078429
4 0.4345261437908497 0.21558823529411764 0.10045751633986931 0.10257352941176469
4 0.4868627450980392 0.20561274509803923 0.08532679738562096 0.04811274509803921
4 0.554640522875817 0.23147058823529412 0.1058986928104576 0.06174019607843137
4 0.6278758169934641 0.21877450980392157 0.09138888888888881 0.07624999999999997
5 0.5122875816993464 0.434828431372549 0.3661274509803921 0.6481372549019607