4 0.35049019607843135 0.36945169712793735 0.238562091503268 0.2193211488250653
4 0.4877450980392157 0.49869451697127937 0.11601307189542484 0.29765013054830286
4 0.49836601307189543 0.6553524804177546 0.09640522875816994 0.1618798955613577
4 0.6062091503267973 0.5287206266318538 0.23202614379084968 0.46736292428198434
4 0.5759803921568627 0.7219321148825065 0.05555555555555555 0.07049608355091384
4 0.5449346405228758 0.7532637075718016 0.12254901960784313 0.09660574412532637
4 0.49754901960784315 0.7650130548302873 0.0784313725490196 0.09921671018276762
4 0.41421568627450983 0.7806788511749347 0.07352941176470588 0.08877284595300261
4 0.46078431372549017 0.7950391644908616 0.07352941176470588 0.0835509138381201
4 0.3668300653594771 0.8642297650130548 0.09640522875816994 0.0835509138381201
4 0.29330065359477125 0.891644908616188 0.08823529411764706 0.07049608355091384
4 0.5563725490196079 0.8537859007832899 0.06862745098039216 0.07571801566579635
4 0.6691176470588235 0.7950391644908616 0.07352941176470588 0.044386422976501305
4 0.7263071895424836 0.6357702349869452 0.05555555555555555 0.07571801566579635
4 0.2704248366013072 0.7754569190600522 0.0457516339869281 0.0731070496083551
4 0.0923202614379085 0.8785900783289817 0.06862745098039216 0.04960835509138381