4 0.20751633986928106 0.09336609336609336 0.12254901960784313 0.11547911547911548
4 0.23039215686274508 0.13144963144963145 0.12254901960784313 0.15233415233415235
4 0.2638888888888889 0.17936117936117937 0.13725490196078433 0.1597051597051597
4 0.29820261437908496 0.24324324324324326 0.1437908496732026 0.19656019656019655
4 0.33169934640522875 0.28378378378378377 0.15522875816993464 0.1941031941031941
4 0.37254901960784315 0.32923832923832924 0.16176470588235295 0.22604422604422605
4 0.3831699346405229 0.457002457002457 0.09313725490196079 0.14496314496314497
4 0.4150326797385621 0.5761670761670762 0.12581699346405228 0.11793611793611794
4 0.5196078431372549 0.44348894348894347 0.05228758169934641 0.07862407862407862
4 0.5098039215686274 0.5061425061425061 0.10130718954248366 0.08353808353808354
4 0.6217320261437909 0.547911547911548 0.15196078431372548 0.20638820638820637
4 0.7369281045751634 0.5638820638820639 0.11764705882352941 0.19901719901719903
4 0.8022875816993464 0.6597051597051597 0.08333333333333333 0.14250614250614252
4 0.8660130718954249 0.7395577395577395 0.1781045751633987 0.16707616707616707
4 0.7990196078431373 0.8218673218673219 0.049019607843137254 0.056511056511056514
4 0.7875816993464052 0.8894348894348895 0.05555555555555555 0.05896805896805897
4 0.8504901960784313 0.812039312039312 0.0457516339869281 0.06388206388206388
4 0.8488562091503268 0.9299754299754299 0.05228758169934641 0.04176904176904177
4 0.9501633986928104 0.8415233415233415 0.07679738562091504 0.09828009828009827
4 0.9640522875816994 0.7665847665847666 0.03594771241830065 0.07125307125307126
4 0.9869281045751634 0.8648648648648649 0.026143790849673203 0.12285012285012285
4 0.9452614379084967 0.9164619164619164 0.06209150326797386 0.03931203931203931
4 0.4444444444444444 0.8402948402948403 0.20751633986928106 0.12530712530712532
4 0.35294117647058826 0.8218673218673219 0.08986928104575163 0.08845208845208845
4 0.3570261437908497 0.9299754299754299 0.14215686274509803 0.13513513513513514
4 0.1527777777777778 0.9459459459459459 0.15196078431372548 0.10810810810810811
4 0.29820261437908496 0.7186732186732187 0.05718954248366013 0.06388206388206388
4 0.2540849673202614 0.6744471744471745 0.03758169934640523 0.05896805896805897
4 0.23774509803921567 0.7174447174447175 0.04738562091503268 0.056511056511056514
4 0.059640522875817 0.6928746928746928 0.04411764705882353 0.044226044226044224
4 0.27450980392156865 0.7604422604422605 0.04738562091503268 0.04668304668304668
4 0.35130718954248363 0.726044226044226 0.04084967320261438 0.04176904176904177
4 0.4338235294117647 0.7137592137592138 0.042483660130718956 0.044226044226044224
4 0.4681372549019608 0.699017199017199 0.03431372549019608 0.036855036855036855
4 0.4624183006535948 0.7174447174447175 0.032679738562091505 0.04668304668304668
4 0.5318627450980392 0.6363636363636364 0.0784313725490196 0.085995085995086
4 0.5637254901960784 0.7051597051597052 0.08333333333333333 0.11056511056511056
4 0.5645424836601307 0.7567567567567568 0.07352941176470588 0.09582309582309582
4 0.5906862745098039 0.7972972972972973 0.04411764705882353 0.05405405405405406
4 0.6887254901960784 0.7948402948402948 0.07516339869281045 0.07862407862407862
4 0.20506535947712418 0.3918918918918919 0.07516339869281045 0.051597051597051594
4 0.24428104575163398 0.5208845208845209 0.03431372549019608 0.04914004914004914
4 0.28921568627450983 0.5061425061425061 0.05392156862745098 0.06142506142506143
4 0.12908496732026145 0.3808353808353808 0.04411764705882353 0.04176904176904177
4 0.10130718954248366 0.3132678132678133 0.0784313725490196 0.08108108108108109
4 0.1830065359477124 0.3095823095823096 0.029411764705882353 0.03194103194103194
4 0.19281045751633988 0.2764127764127764 0.04411764705882353 0.04668304668304668
4 0.20751633986928106 0.31695331695331697 0.03758169934640523 0.051597051597051594
4 0.16830065359477125 0.21007371007371006 0.049019607843137254 0.0687960687960688
4 0.13725490196078433 0.21007371007371006 0.03104575163398693 0.04176904176904177
4 0.07026143790849673 0.12285012285012285 0.03431372549019608 0.04176904176904177