5 0.30197712418300654 0.4307352941176471 0.4466176470588236 0.8324264705882353
4 0.29684640522875816 0.1815441176470588 0.16642156862745092 0.2578186274509804
4 0.14040849673202616 0.5959558823529412 0.27354575163398687 0.2496323529411764
4 0.31862745098039214 0.6313480392156862 0.15795751633986932 0.2804901960784313
4 0.20393790849673202 0.8573774509803922 0.0907843137254902 0.09713235294117646
4 0.30137254901960786 0.9345588235294118 0.06777777777777781 0.06990196078431368
4 0.39669934640522875 0.8664705882352941 0.11075163398692815 0.12436274509803924
4 0.41908496732026146 0.9202941176470588 0.13616013071895428 0.15941176470588225
4 0.49080065359477126 0.8778186274509804 0.08593137254901966 0.07625000000000004
4 0.5700816993464052 0.7825 0.12467320261437902 0.16340686274509794
4 0.453578431372549 0.8015686274509805 0.14343137254901955 0.07262254901960784
4 0.5183333333333334 0.7107843137254902 0.11316993464052286 0.14161764705882346
4 0.4366339869281046 0.593235294117647 0.17732026143790847 0.316813725490196
4 0.37883986928104574 0.4307352941176471 0.10893790849673206 0.20786764705882355
4 0.45207516339869286 0.3131862745098039 0.08230392156862745 0.11257352941176473
4 0.8623856209150327 0.625 0.06415032679738561 0.14796568627450982
4 0.9002124183006535 0.5355882352941177 0.04176470588235285 0.10166666666666671