4 0.08088235294117647 0.3047385620915033 0.16176470588235295 0.34477124183006536
4 0.19852941176470587 0.2916666666666667 0.17401960784313725 0.2369281045751634
4 0.32965686274509803 0.27941176470588236 0.17647058823529413 0.20098039215686275
4 0.5747549019607843 0.21895424836601307 0.4117647058823529 0.17483660130718953
4 0.8026960784313726 0.2246732026143791 0.27450980392156865 0.1830065359477124
4 0.7928921568627451 0.34395424836601307 0.36764705882352944 0.20098039215686275
4 0.8590686274509803 0.4493464052287582 0.18627450980392157 0.16013071895424835
4 0.5637254901960784 0.5220588235294118 0.2181372549019608 0.16666666666666666
4 0.43014705882352944 0.4803921568627451 0.36519607843137253 0.25980392156862747
4 0.24142156862745098 0.5212418300653595 0.24019607843137256 0.16830065359477125
4 0.11151960784313726 0.5759803921568627 0.22303921568627452 0.15849673202614378
4 0.2818627450980392 0.6094771241830066 0.17647058823529413 0.10947712418300654
4 0.5 0.375 1 0.6421568627450981
5 0.5 0.5171568627450981 1 0.9656862745098039