4 0.206328125 0.09571759259259259 0.10917968749999997 0.14689814814814814
4 0.19555989583333333 0.23104166666666667 0.08162760416666666 0.17895833333333333
4 0.3077473958333333 0.21368055555555557 0.11868489583333337 0.11395833333333331
4 0.3678385416666667 0.2559722222222222 0.09364583333333332 0.12553240740740737
4 0.41791666666666666 0.17094907407407406 0.10566406249999998 0.14780092592592592
4 0.572421875 0.2007638888888889 0.09415364583333326 0.11129629629629631
4 0.5108203125 0.3427777777777778 0.06209635416666659 0.16738425925925926
4 0.6172395833333333 0.3463425925925926 0.13671874999999992 0.09437499999999996
4 0.6405208333333334 0.3819444444444444 0.05408854166666669 0.10328703703703705
4 0.6946093750000001 0.4643055555555556 0.16026041666666666 0.16291666666666665
4 0.6029687499999999 0.4861111111111111 0.10015624999999995 0.13354166666666667
4 0.52359375 0.46296296296296297 0.1156901041666667 0.1780555555555556
4 0.4539713541666666 0.39530092592592597 0.1327083333333333 0.1656018518518519
4 0.3528125 0.3730324074074074 0.19281250000000005 0.20298611111111112
4 0.36358072916666667 0.4990277777777778 0.2303645833333333 0.12553240740740745
4 0.26291666666666663 0.38685185185185184 0.07912760416666664 0.16469907407407403
4 0.20157552083333333 0.37171296296296297 0.10566406249999999 0.15402777777777782
4 0.069609375 0.33164351851851853 0.10516927083333333 0.1646990740740741
4 0.13270833333333332 0.41175925925925927 0.10115885416666665 0.1931944444444444
4 0.0310546875 0.4865509259259259 0.06109375 0.1825231481481482
4 0.08088541666666667 0.6606018518518518 0.16175781250000001 0.19053240740740734
4 0.22235677083333336 0.704675925925926 0.201328125 0.1914120370370369
4 0.15375000000000003 0.8440277777777778 0.09415364583333335 0.11395833333333337
4 0.14472656250000002 0.9285879629629629 0.09515624999999998 0.12108796296296284
4 0.2766927083333333 0.8726851851851852 0.16796875 0.25462962962962965
4 0.3888671875 0.8698379629629629 0.10367187500000001 0.1424537037037036
4 0.5095703125000001 0.857824074074074 0.09464843750000007 0.1023842592592593
4 0.4051432291666666 0.6263425925925925 0.1442317708333333 0.1949768518518519
4 0.7181510416666667 0.6254398148148148 0.055091145833333265 0.07923611111111116
4 0.7777473958333333 0.6379166666666666 0.04006510416666664 0.05074074074074065
4 0.7847526041666667 0.9530787037037037 0.06911458333333324 0.07745370370370379
4 0.911953125 0.7914814814814816 0.06710937499999996 0.10504629629629629
4 0.8921744791666667 0.22657407407407407 0.09065104166666653 0.3053703703703703
4 0.833828125 0.2572916666666667 0.058098958333333194 0.11039351851851852
4 0.771484375 0.18696759259259257 0.07061197916666669 0.0890277777777778
4 0.7176432291666667 0.12997685185185187 0.03605468750000007 0.06409722222222224
4 0.8320833333333333 0.10194444444444445 0.03455729166666662 0.05965277777777777
4 0.9329947916666667 0.3761574074074074 0.034049479166666785 0.07032407407407407
4 0.9740104166666667 0.44159722222222225 0.051979166666666764 0.08189814814814814