4 0.5972222222222222 0.18259803921568626 0.3137254901960784 0.29411764705882354
4 0.32679738562091504 0.5919117647058824 0.46078431372549017 0.5416666666666666
4 0.10294117647058823 0.6936274509803921 0.16013071895424835 0.20098039215686275
4 0.3431372549019608 0.8529411764705882 0.13562091503267973 0.08088235294117647
4 0.5106209150326797 0.7745098039215687 0.11601307189542484 0.13970588235294118
4 0.47549019607843135 0.8296568627450981 0.05392156862745098 0.05392156862745098
4 0.6830065359477124 0.8247549019607843 0.26633986928104575 0.16666666666666666
4 0.6805555555555556 0.8897058823529411 0.11601307189542484 0.10049019607843138
4 0.6764705882352942 0.7438725490196079 0.1454248366013072 0.14705882352941177
4 0.7598039215686274 0.4987745098039216 0.09803921568627451 0.08333333333333333
4 0.8464052287581699 0.6225490196078431 0.2696078431372549 0.2426470588235294
4 0.8946078431372549 0.7708333333333334 0.16013071895424835 0.11764705882352941
5 0.5833333333333334 0.4252450980392157 0.6274509803921569 0.8504901960784313