5 0.4830729166666667 0.33217592592592593 0.4765625 0.6111111111111112
4 0.677734375 0.5393518518518519 0.15234375 0.13194444444444445
4 0.6302083333333334 0.4710648148148148 0.055989583333333336 0.09490740740740741
4 0.4095052083333333 0.47337962962962965 0.0546875 0.06712962962962964
4 0.3665364583333333 0.5335648148148148 0.16276041666666666 0.12037037037037036
4 0.3001302083333333 0.47337962962962965 0.033854166666666664 0.0625
4 0.3053385416666667 0.5254629629629629 0.026041666666666668 0.0625
4 0.2740885416666667 0.5011574074074074 0.024739583333333332 0.06018518518518518
4 0.240234375 0.5023148148148148 0.022135416666666668 0.046296296296296294
4 0.2552083333333333 0.5833333333333334 0.09895833333333333 0.08796296296296297
4 0.6315104166666666 0.6597222222222222 0.041666666666666664 0.05787037037037037
4 0.7330729166666666 0.7094907407407407 0.09375 0.08564814814814815
4 0.9147135416666666 0.8229166666666666 0.053385416666666664 0.08101851851851852