4 0.515718954248366 0.7375599128540306 0.29071895424836597 0.43481481481481493
4 0.28459150326797383 0.5964052287581699 0.10893790849673206 0.13252723311546843
4 0.39045751633986936 0.5877777777777778 0.09599673202614384 0.1715686274509804
4 0.43879084967320264 0.4711328976034858 0.12323529411764704 0.17065359477124178
4 0.34892156862745094 0.3708278867102397 0.12732026143790853 0.20244008714596953
4 0.33393790849673205 0.5160566448801743 0.07692810457516337 0.10620915032679738
4 0.5562418300653595 0.3431372549019608 0.10485294117647052 0.18699346405228753
4 0.6420261437908497 0.3444880174291939 0.15250000000000008 0.20061002178649234
4 0.6934150326797386 0.7970152505446623 0.21581699346405236 0.30681917211328985
4 0.8312908496732027 0.7402832244008715 0.18790849673202614 0.29139433551198257
5 0.5637254901960784 0.5056209150326798 0.7312091503267973 0.9713071895424836