4 0.28513071895424835 0.8345588235294118 0.10130718954248366 0.13725490196078433
4 0.3464052287581699 0.7389705882352942 0.10294117647058823 0.15196078431372548
4 0.3815359477124183 0.6544117647058824 0.10130718954248366 0.14950980392156862
4 0.39950980392156865 0.6102941176470589 0.07026143790849673 0.09558823529411764
4 0.4354575163398693 0.5183823529411765 0.05718954248366013 0.0784313725490196
4 0.4673202614379085 0.4424019607843137 0.04411764705882353 0.06372549019607843
4 0.5408496732026143 0.39828431372549017 0.03104575163398693 0.051470588235294115
4 0.5686274509803921 0.4522058823529412 0.032679738562091505 0.056372549019607844
4 0.6258169934640523 0.5686274509803921 0.04411764705882353 0.061274509803921566
4 0.6617647058823529 0.6151960784313726 0.03431372549019608 0.051470588235294115
4 0.6495098039215687 0.7683823529411765 0.07352941176470588 0.12254901960784313
4 0.6021241830065359 0.3737745098039216 0.03758169934640523 0.0392156862745098
4 0.6241830065359477 0.3860294117647059 0.03431372549019608 0.0392156862745098
4 0.6576797385620915 0.40931372549019607 0.04738562091503268 0.0392156862745098
4 0.7295751633986928 0.40808823529411764 0.04411764705882353 0.03431372549019608
4 0.815359477124183 0.41299019607843135 0.03431372549019608 0.061274509803921566
4 0.7720588235294118 0.46691176470588236 0.029411764705882353 0.049019607843137254
4 0.7222222222222222 0.4950980392156863 0.0718954248366013 0.058823529411764705
4 0.7320261437908496 0.5784313725490197 0.1437908496732026 0.21568627450980393
4 0.7026143790849673 0.7169117647058824 0.05392156862745098 0.09803921568627451
4 0.701797385620915 0.8321078431372549 0.10294117647058823 0.125
4 0.7745098039215687 0.7549019607843137 0.08333333333333333 0.16176470588235295
4 0.9485294117647058 0.7009803921568627 0.10294117647058823 0.2549019607843137
4 0.8700980392156863 0.7696078431372549 0.25980392156862747 0.4215686274509804
4 0.9027777777777778 0.4227941176470588 0.06862745098039216 0.0784313725490196
4 0.886437908496732 0.5098039215686274 0.07516339869281045 0.051470588235294115
4 0.15931372549019607 0.7769607843137255 0.1111111111111111 0.1053921568627451
4 0.30392156862745096 0.6580882352941176 0.049019607843137254 0.11519607843137254
4 0.2638888888888889 0.4742647058823529 0.09313725490196079 0.10049019607843138
4 0.4068627450980392 0.4056372549019608 0.06862745098039216 0.051470588235294115
4 0.4444444444444444 0.39705882352941174 0.05718954248366013 0.03676470588235294
5 0.20261437908496732 0.6200980392156863 0.12908496732026145 0.3014705882352941
5 0.26143790849673204 0.5612745098039216 0.08496732026143791 0.3284313725490196
5 0.3929738562091503 0.4987745098039216 0.119281045751634 0.18382352941176472
5 0.45098039215686275 0.4264705882352941 0.06535947712418301 0.11029411764705882
5 0.5449346405228758 0.3909313725490196 0.0457516339869281 0.08088235294117647
5 0.6037581699346405 0.4068627450980392 0.07026143790849673 0.12990196078431374
5 0.6544117647058824 0.46078431372549017 0.10620915032679738 0.19362745098039216
5 0.7508169934640523 0.5392156862745098 0.1830065359477124 0.37254901960784315
5 0.8513071895424836 0.6421568627450981 0.2679738562091503 0.5318627450980392