5 0.34068627450980393 0.5498812351543944 0.5882352941176471 0.7862232779097387
4 0.36437908496732024 0.29691211401425177 0.24673202614379086 0.2375296912114014
4 0.5661764705882353 0.6282660332541568 0.049019607843137254 0.06413301662707839
4 0.545751633986928 0.6995249406175772 0.058823529411764705 0.0855106888361045
4 0.5138888888888888 0.7161520190023754 0.05392156862745098 0.0665083135391924
4 0.5269607843137255 0.7980997624703088 0.0457516339869281 0.057007125890736345
4 0.4305555555555556 0.7470308788598575 0.06045751633986928 0.10688836104513064
4 0.3284313725490196 0.8444180522565321 0.042483660130718956 0.057007125890736345
4 0.25735294117647056 0.7660332541567696 0.03594771241830065 0.05463182897862233
4 0.2638888888888889 0.7078384798099763 0.04411764705882353 0.0688836104513064
4 0.1707516339869281 0.7054631828978623 0.06209150326797386 0.07125890736342043
4 0.21895424836601307 0.8467933491686461 0.04084967320261438 0.06413301662707839
4 0.17483660130718953 0.8622327790973872 0.042483660130718956 0.07125890736342043
4 0.119281045751634 0.8729216152019003 0.042483660130718956 0.05463182897862233
4 0.33905228758169936 0.6413301662707839 0.07026143790849673 0.10688836104513064
4 0.511437908496732 0.5771971496437055 0.06535947712418301 0.05463182897862233