4 0.2798202614379085 0.6185536159600997 0.055441176470588244 0.07214463840399005
4 0.2127124183006536 0.5887032418952618 0.06594771241830068 0.03206982543640901
4 0.28478758169934637 0.5651122194513716 0.0466830065359477 0.027605985037406466
4 0.3238725490196079 0.4871820448877806 0.036176470588235275 0.04630922693266831
4 0.3125 0.4323940149625935 0.05194444444444448 0.0543391521197008
4 0.2640686274509804 0.44486284289276806 0.0577777777777778 0.050773067331670856
4 0.2191339869281046 0.4034663341645885 0.046094771241830056 0.053441396508728194
4 0.14063725490196077 0.42037406483790524 0.051356209150326806 0.03740648379052369
4 0.023055555555555555 0.43730673316708235 0.04609477124183007 0.03563591022443895
4 0.017222222222222222 0.5446134663341645 0.0344281045751634 0.06324189526184543
4 0.01196078431372549 0.6318952618453865 0.02392156862745098 0.059675810473815406
4 0.1613562091503268 0.6439152119700747 0.06243464052287583 0.03740648379052369
4 0.15552287581699348 0.5780299251870324 0.028594771241830064 0.01960099750623445
4 0.1876143790849673 0.7583790523690773 0.04377450980392158 0.050773067331670856
4 0.3682352941176471 0.6933665835411472 0.0606862745098039 0.0685785536159601
4 0.3279575163398693 0.7311970074812967 0.07586601307189543 0.058778054862843016
4 0.16748366013071894 0.9284788029925187 0.10037581699346407 0.12915211970074805
4 0.0344281045751634 0.9547630922693268 0.0688562091503268 0.053441396508728055
4 0.03209150326797386 0.35179551122194513 0.038513071895424834 0.02850374064837907
4 0.011372549019607844 0.2484788029925187 0.0169281045751634 0.026708229426433937
4 0.051944444444444446 0.2280049875311721 0.022173202614379092 0.014239401496259371
4 0.08549019607843138 0.3014713216957606 0.0496078431372549 0.034738154613466354
4 0.08285947712418301 0.3486783042394015 0.04318627450980391 0.022269326683291787
4 0.13655228758169932 0.29079800498753117 0.03501633986928106 0.024039900249376595
4 0.17215686274509803 0.2956857855361596 0.02918300653594769 0.016034912718204505
4 0.17944444444444443 0.35134663341645883 0.027434640522875805 0.015137157107231904
4 0.2369281045751634 0.33887780548628427 0.03151960784313729 0.04541147132169575
4 0.23050653594771242 0.3068329177057357 0.029183006535947735 0.024039900249376595
4 0.299656862745098 0.35446384039900247 0.026258169934640512 0.03384039900249375
4 0.44176470588235295 0.33087281795511225 0.0315196078431372 0.032942643391521184
4 0.3609313725490196 0.39810473815461345 0.035604575163398725 0.026708229426433864
4 0.48669934640522877 0.33800498753117203 0.03501633986928097 0.036508728179551087
4 0.4694771241830065 0.31618453865336654 0.035604575163398634 0.040972568578553595
4 0.5249183006535948 0.3914214463840399 0.04493464052287582 0.052543640897755595
4 0.5899836601307189 0.3330922693266833 0.036176470588235275 0.04274314214463837
4 0.4441013071895425 0.5668827930174564 0.0606862745098039 0.06680798004987536
4 0.436797385620915 0.5833665835411471 0.0379248366013072 0.06057356608478808
4 0.35423202614379085 0.5989526184538654 0.04785947712418304 0.04897755610972565
4 0.35947712418300654 0.5633167082294264 0.03968954248366016 0.050773067331670856
4 0.3192156862745098 0.5757855361596009 0.03851307189542483 0.041870324189526235
4 0.48173202614379085 0.5740149625935163 0.03792483660130725 0.05788029925187027
4 0.4047058823529412 0.5744638403990026 0.026258169934640512 0.039177057356608425
4 0.3886601307189543 0.5161097256857855 0.032679738562091505 0.04007481296758103
4 0.629967320261438 0.4110224438902743 0.054264705882353 0.034738154613466354
4 0.6290849673202614 0.5325935162094763 0.025669934640522935 0.06057356608478808
4 0.5882352941176471 0.5107730673316708 0.0606862745098039 0.03294264339152114
4 0.5406699346405228 0.567780548628429 0.07527777777777786 0.05788029925187027
4 0.5500163398692811 0.5989526184538654 0.046094771241830125 0.03294264339152114
4 0.5196732026143791 0.6181047381546135 0.021584967320261498 0.04987531172069826
4 0.47151960784313723 0.685785536159601 0.04084967320261438 0.04630922693266845
4 0.5217156862745098 0.7472319201995012 0.051356209150326716 0.053441396508728055
4 0.6036928104575163 0.7329925187032419 0.10679738562091505 0.06591022443890261
4 0.6527124183006535 0.7628179551122194 0.0577777777777778 0.08995012468827943
4 0.6638071895424836 0.6929177057356609 0.06011437908496726 0.0730423940149625
4 0.6279248366013073 0.6505985037406483 0.052516339869281024 0.07927680798004985
4 0.5654738562091504 0.6528428927680798 0.08285947712418307 0.06057356608478801
4 0.6147875816993464 0.6167581047381546 0.054264705882353 0.059675810473815406
4 0.6693464052287581 0.5789027431421446 0.06302287581699355 0.07124688279301744
4 0.7061111111111111 0.526359102244389 0.047859477124182946 0.11935162094763095
4 0.6722712418300654 0.526359102244389 0.03851307189542492 0.08194513715710727
4 0.7300490196078432 0.49428927680798007 0.07236928104575158 0.1531920199501247
4 0.7478431372549019 0.5428428927680798 0.03326797385620917 0.14872817955112216
4 0.8240032679738561 0.4622443890274315 0.05718954248366004 0.06947630922693271
4 0.8496732026143791 0.48493765586034915 0.05369281045751627 0.06501246882793016
4 0.8943137254901962 0.5129925187032419 0.039101307189542585 0.06947630922693271
4 0.8954901960784313 0.4658104738154613 0.033267973856208985 0.0676807980049875
4 0.9439215686274509 0.4769326683291771 0.03209150326797402 0.0685785536159601
4 0.9375 0.5245885286783043 0.06710784313725479 0.05521197007481293
4 0.9039379084967321 0.5597506234413965 0.04434640522875833 0.08104738154613467
4 0.8455882352941176 0.5428428927680798 0.03501633986928106 0.04720698254364091
4 0.8152450980392157 0.8265087281795511 0.04200980392156869 0.06411471321695769
4 0.7443464052287582 0.8567830423940149 0.03792483660130725 0.05700748129675814
4 0.969297385620915 0.5548628428927681 0.030343137254901856 0.07658354114713212
4 0.9919444444444445 0.5388279301745635 0.016111111111110948 0.05700748129675814
4 0.9191176470588235 0.3958852867830424 0.06186274509803905 0.03117206982543641
4 0.9205718954248365 0.35179551122194513 0.046094771241830125 0.03563591022443895
4 0.8712581699346406 0.36738154613466334 0.029183006535947548 0.02940149625935167
4 0.8660130718954249 0.39231920199501247 0.047859477124182946 0.03830423940149629
4 0.8680555555555556 0.4194763092269327 0.05310457516339869 0.040972568578553636
4 0.8178758169934641 0.3575810473815461 0.04843137254901959 0.02940149625935167
4 0.8143627450980392 0.3887531172069825 0.03792483660130725 0.02940149625935167
4 0.7799346405228758 0.3736159600997506 0.030931372549019526 0.03294264339152114
4 0.9272875816993464 0.2253366583541147 0.05251633986928121 0.051645885286783065