4 0.7116013071895425 0.5098039215686274 0.16176470588235295 0.18137254901960784
4 0.576797385620915 0.49387254901960786 0.12908496732026145 0.14460784313725492
4 0.46568627450980393 0.5073529411764706 0.119281045751634 0.24509803921568626
4 0.49673202614379086 0.5845588235294118 0.08496732026143791 0.12254901960784313
4 0.4035947712418301 0.46568627450980393 0.1388888888888889 0.17647058823529413
4 0.33905228758169936 0.41299019607843135 0.10130718954248366 0.15441176470588236
4 0.29983660130718953 0.3553921568627451 0.08986928104575163 0.14215686274509803
4 0.22630718954248366 0.2659313725490196 0.21895424836601307 0.15196078431372548
4 0.23284313725490197 0.45588235294117646 0.08660130718954248 0.13970588235294118
4 0.2965686274509804 0.6605392156862745 0.25 0.25980392156862747
4 0.4616013071895425 0.16176470588235295 0.07026143790849673 0.125
4 0.6715686274509803 0.3014705882352941 0.13398692810457516 0.0857843137254902
4 0.6772875816993464 0.2267156862745098 0.08496732026143791 0.11519607843137254
4 0.8684640522875817 0.16544117647058823 0.0915032679738562 0.11519607843137254
4 0.954248366013072 0.3431372549019608 0.05718954248366013 0.125
4 0.6544117647058824 0.06004901960784314 0.05555555555555555 0.06372549019607843
4 0.6086601307189542 0.051470588235294115 0.07026143790849673 0.07352941176470588