5 0.3489583333333333 0.5300925925925926 0.4114583333333333 0.8819444444444444
4 0.031901041666666664 0.5659722222222222 0.06380208333333333 0.2708333333333333
4 0.1015625 0.6203703703703703 0.11067708333333333 0.16203703703703703
4 0.061848958333333336 0.09375 0.06380208333333333 0.12037037037037036
4 0.22591145833333334 0.21412037037037038 0.08333333333333333 0.1087962962962963
4 0.20052083333333334 0.4085648148148148 0.0546875 0.12731481481481483
4 0.19661458333333334 0.5844907407407407 0.046875 0.11805555555555555
4 0.5110677083333334 0.8425925925925926 0.12630208333333334 0.24305555555555555
4 0.3404947916666667 0.8981481481481481 0.10546875 0.17824074074074073
4 0.5169270833333334 0.4965277777777778 0.0859375 0.19212962962962962
4 0.5442708333333334 0.27546296296296297 0.06901041666666667 0.10185185185185185
4 0.6959635416666666 0.3460648148148148 0.08854166666666667 0.12962962962962962
4 0.6419270833333334 0.8425925925925926 0.08072916666666667 0.1736111111111111
4 0.716796875 0.8923611111111112 0.09505208333333333 0.19675925925925927
4 0.658203125 0.9386574074074074 0.16276041666666666 0.12268518518518519
4 0.3776041666666667 0.2777777777777778 0.2981770833333333 0.3958333333333333