4 0.31700520833333334 0.3677083333333333 0.09915364583333337 0.1566898148148148
4 0.3826171875 0.33608796296296295 0.09716145833333334 0.12731481481481483
4 0.4459635416666667 0.35479166666666667 0.08162760416666674 0.16115740740740742
4 0.5165755208333334 0.44247685185185187 0.10566406249999998 0.14780092592592597
4 0.6227473958333333 0.5426388888888889 0.07861979166666666 0.08636574074074074
4 0.6753255208333333 0.6085185185185185 0.14372395833333326 0.10060185185185187
4 0.6117317708333333 0.6690740740740742 0.11968749999999995 0.11307870370370375
4 0.5922005208333333 0.7919444444444445 0.264921875 0.14155092592592589
4 0.7161458333333334 0.8551388888888889 0.15524739583333336 0.11662037037037036
4 0.8290755208333334 0.7278240740740741 0.2248567708333334 0.28935185185185186
4 0.9224739583333333 0.8765046296296296 0.12419270833333347 0.18430555555555556
4 0.8581249999999999 0.47097222222222224 0.24889322916666679 0.27421296296296294
4 0.6124739583333333 0.3165046296296296 0.1662630208333334 0.1558101851851852
4 0.5488802083333334 0.24349537037037036 0.1261979166666666 0.1415509259259259
4 0.4815234375 0.19185185185185183 0.14173177083333335 0.19675925925925927
4 0.3841145833333333 0.215 0.09214843749999997 0.17182870370370373
4 0.33078124999999997 0.17273148148148149 0.08363281249999999 0.12287037037037035
4 0.28220052083333336 0.25819444444444445 0.11067708333333337 0.13354166666666664
4 0.245390625 0.2163425925925926 0.078125 0.1566898148148148
4 0.21584635416666667 0.2920138888888889 0.08313802083333337 0.09793981481481483
4 0.04432291666666666 0.4669675925925926 0.08864583333333333 0.09525462962962958
4 0.31225260416666667 0.5052546296296296 0.13571614583333336 0.09525462962962958
4 0.40063802083333333 0.4905555555555555 0.08914062500000004 0.09081018518518523
4 0.2771875 0.7732407407407408 0.25791666666666674 0.13976851851851851
4 0.64453125 0.11662037037037037 0.1662630208333334 0.09972222222222221