4 0.5525816993464052 0.15811046511627908 0.2208333333333333 0.254593023255814
4 0.51 0.3241860465116279 0.14062091503267965 0.18500000000000005
4 0.410718954248366 0.33430232558139533 0.05991830065359475 0.13302325581395347
4 0.4114705882352941 0.6029651162790697 0.053480392156862774 0.10305232558139532
4 0.3748202614379085 0.670813953488372 0.08120915032679736 0.07488372093023253
4 0.40305555555555556 0.7738662790697673 0.04357843137254905 0.07488372093023253
4 0.3973529411764706 0.8438953488372093 0.0965522875816994 0.1109883720930231
4 0.3770588235294117 0.9130523255813953 0.054967320261437885 0.08369186046511617
4 0.5275816993464052 0.7813662790697675 0.1242810457516339 0.23433139534883726
4 0.7018790849673203 0.35851744186046514 0.23321895424836606 0.17090116279069764
5 0.5077777777777778 0.5162209302325581 0.20846405228758172 0.7699127906976745
5 0.6882516339869281 0.5100290697674418 0.20498366013071903 0.8016279069767441