5 0.4617429193899782 0.37673202614379087 0.2868627450980391 0.7044281045751635
4 0.19002178649237472 0.7166830065359477 0.21302832244008718 0.12980392156862755
4 0.5210675381263616 0.7598039215686274 0.19244008714596947 0.11256535947712416
4 0.29289760348583876 0.9191176470588235 0.11860566448801742 0.10439542483660147
4 0.4405664488017429 0.923202614379085 0.13555555555555548 0.12163398692810466
4 0.5676688453159041 0.9163888888888889 0.05568627450980387 0.08986928104575163
4 0.7643355119825708 0.8365032679738563 0.12466230936819178 0.08624183006535953
4 0.8587581699346406 0.7906699346405228 0.11982570806100218 0.10166666666666671
4 0.5083442265795207 0.2369281045751634 0.3631154684095861 0.26143790849673204
4 0.4702178649237473 0.06490196078431372 0.19244008714596947 0.051748366013071895
4 0.9677995642701526 0.564640522875817 0.06440087145969486 0.05446078431372556