4 0.66015625 0.8564814814814815 0.11588541666666667 0.12962962962962962
4 0.736328125 0.9525462962962963 0.09244791666666667 0.09490740740740741
4 0.8951822916666666 0.8912037037037037 0.06380208333333333 0.10185185185185185
4 0.6484375 0.7465277777777778 0.109375 0.0763888888888889
4 0.5885416666666666 0.7870370370370371 0.0546875 0.10185185185185185
4 0.486328125 0.8159722222222222 0.07942708333333333 0.09490740740740741
4 0.4381510416666667 0.8009259259259259 0.046875 0.08333333333333333
4 0.384765625 0.7939814814814815 0.044270833333333336 0.07407407407407407
4 0.3509114583333333 0.8206018518518519 0.03515625 0.08101851851851852
4 0.3372395833333333 0.7615740740740741 0.045572916666666664 0.06481481481481481
4 0.3274739583333333 0.8136574074074074 0.0390625 0.07175925925925926
4 0.3138020833333333 0.7407407407407407 0.09765625 0.08101851851851852
4 0.3326822916666667 0.6400462962962963 0.07682291666666667 0.13194444444444445
4 0.2721354166666667 0.6597222222222222 0.055989583333333336 0.07175925925925926
4 0.2890625 0.5972222222222222 0.04296875 0.06944444444444445
4 0.3313802083333333 0.5532407407407407 0.0703125 0.1111111111111111
4 0.06966145833333333 0.6192129629629629 0.037760416666666664 0.0625
4 0.053385416666666664 0.5810185185185185 0.055989583333333336 0.07407407407407407
4 0.4895833333333333 0.24421296296296297 0.2864583333333333 0.22916666666666666
5 0.5026041666666666 0.4965277777777778 0.51953125 0.8796296296296297