5 0.5359477124183006 0.47058823529411764 0.5555555555555556 0.934640522875817
4 0.4199346405228758 0.09803921568627451 0.25980392156862747 0.18736383442265794
4 0.32598039215686275 0.23529411764705882 0.09477124183006536 0.1394335511982571
4 0.3888888888888889 0.23311546840958605 0.06045751633986928 0.12200435729847495
4 0.46405228758169936 0.24509803921568626 0.06862745098039216 0.13071895424836602
4 0.5302287581699346 0.23529411764705882 0.049019607843137254 0.09586056644880174
4 0.49754901960784315 0.10239651416122005 0.08986928104575163 0.12200435729847495
4 0.41421568627450983 0.12418300653594772 0.08823529411764706 0.09803921568627451
4 0.35130718954248363 0.10457516339869281 0.10294117647058823 0.18082788671023964
4 0.3047385620915033 0.7450980392156863 0.07516339869281045 0.10675381263616558
4 0.36356209150326796 0.7734204793028322 0.049019607843137254 0.09586056644880174
4 0.40522875816993464 0.7527233115468409 0.03594771241830065 0.05664488017429194
4 0.4665032679738562 0.7549019607843137 0.08823529411764706 0.08714596949891068
4 0.49019607843137253 0.7407407407407407 0.08660130718954248 0.0784313725490196
4 0.5408496732026143 0.7211328976034859 0.0392156862745098 0.034858387799564274
4 0.5751633986928104 0.724400871459695 0.032679738562091505 0.0718954248366013
4 0.6168300653594772 0.8017429193899782 0.06209150326797386 0.10021786492374728
4 0.6699346405228758 0.7233115468409586 0.0915032679738562 0.09803921568627451
4 0.7009803921568627 0.6928104575163399 0.08496732026143791 0.08932461873638345
4 0.744281045751634 0.7200435729847494 0.0784313725490196 0.12200435729847495
4 0.7924836601307189 0.7636165577342048 0.13562091503267973 0.11328976034858387
4 0.6977124183006536 0.8006535947712419 0.10947712418300654 0.0915032679738562
4 0.8570261437908496 0.840958605664488 0.18627450980392157 0.1328976034858388
4 0.8145424836601307 0.8965141612200436 0.09803921568627451 0.0784313725490196
4 0.4362745098039216 0.9095860566448801 0.10947712418300654 0.09586056644880174
4 0.8774509803921569 0.7407407407407407 0.0784313725490196 0.0915032679738562
4 0.9730392156862745 0.6982570806100218 0.05392156862745098 0.06318082788671024
4 0.9338235294117647 0.8137254901960784 0.05228758169934641 0.09803921568627451
4 0.9820261437908496 0.8529411764705882 0.03594771241830065 0.08932461873638345
4 0.8758169934640523 0.9270152505446623 0.1568627450980392 0.08932461873638345