4 0.7936197916666666 0.09606481481481481 0.109375 0.14583333333333334
4 0.8046875 0.23148148148148148 0.08203125 0.17824074074074073
4 0.6920572916666666 0.21412037037037038 0.11848958333333333 0.11342592592592593
4 0.6321614583333334 0.25578703703703703 0.09375 0.125
4 0.58203125 0.1712962962962963 0.10546875 0.14814814814814814
4 0.427734375 0.20023148148148148 0.09375 0.1111111111111111
4 0.4889322916666667 0.3425925925925926 0.0625 0.16666666666666666
4 0.3828125 0.3460648148148148 0.13671875 0.09490740740740741
4 0.359375 0.3819444444444444 0.0546875 0.10416666666666667
4 0.3053385416666667 0.46412037037037035 0.16015625 0.16203703703703703
4 0.3971354166666667 0.4861111111111111 0.10026041666666667 0.13425925925925927
4 0.4765625 0.46296296296296297 0.11588541666666667 0.17824074074074073
4 0.5462239583333334 0.3958333333333333 0.1328125 0.16666666666666666
4 0.6471354166666666 0.3726851851851852 0.19270833333333334 0.2037037037037037
4 0.63671875 0.4988425925925926 0.23046875 0.125
4 0.7369791666666666 0.38657407407407407 0.07942708333333333 0.16435185185185186
4 0.7981770833333334 0.3715277777777778 0.10546875 0.1550925925925926
4 0.9303385416666666 0.33217592592592593 0.10546875 0.16435185185185186
4 0.8671875 0.41203703703703703 0.1015625 0.19212962962962962
4 0.96875 0.4861111111111111 0.061197916666666664 0.18287037037037038
4 0.9192708333333334 0.6608796296296297 0.16145833333333334 0.18981481481481483
4 0.77734375 0.7048611111111112 0.20182291666666666 0.19212962962962962
4 0.8463541666666666 0.84375 0.09375 0.11342592592592593
4 0.85546875 0.9282407407407407 0.09505208333333333 0.12037037037037036
4 0.7233072916666666 0.8726851851851852 0.16796875 0.25462962962962965
4 0.611328125 0.8703703703703703 0.10416666666666667 0.14351851851851852
4 0.490234375 0.8576388888888888 0.09505208333333333 0.10185185185185185
4 0.5950520833333334 0.6261574074074074 0.14453125 0.19444444444444445
4 0.2819010416666667 0.625 0.0546875 0.0787037037037037
4 0.22200520833333334 0.6377314814814815 0.040364583333333336 0.05092592592592592
4 0.21549479166666666 0.9525462962962963 0.06901041666666667 0.0763888888888889
4 0.087890625 0.7916666666666666 0.06770833333333333 0.10416666666666667
4 0.10807291666666667 0.22685185185185186 0.09114583333333333 0.3055555555555556
4 0.166015625 0.2569444444444444 0.05859375 0.1111111111111111
4 0.228515625 0.1875 0.0703125 0.08796296296296297
4 0.2825520833333333 0.12962962962962962 0.036458333333333336 0.06481481481481481
4 0.16796875 0.10185185185185185 0.03515625 0.06018518518518518
4 0.06705729166666667 0.3761574074074074 0.033854166666666664 0.06944444444444445
4 0.026041666666666668 0.44212962962962965 0.052083333333333336 0.08101851851851852