4 0.25245098039215685 0.39869281045751637 0.4117647058823529 0.184640522875817
4 0.4730392156862745 0.3660130718954248 0.25 0.13725490196078433
4 0.5723039215686274 0.3284313725490196 0.23039215686274508 0.1781045751633987
4 0.6605392156862745 0.29248366013071897 0.14215686274509803 0.12745098039215685
4 0.8014705882352942 0.7132352941176471 0.2867647058823529 0.19281045751633988
4 0.7794117647058824 0.8014705882352942 0.25245098039215685 0.1437908496732026
4 0.9105392156862745 0.7933006535947712 0.17892156862745098 0.119281045751634
4 0.6752450980392157 0.8513071895424836 0.2181372549019608 0.10784313725490197
4 0.5147058823529411 0.869281045751634 0.24509803921568626 0.12581699346405228
4 0.18137254901960784 0.8504901960784313 0.17892156862745098 0.0915032679738562
4 0.15073529411764705 0.7524509803921569 0.14705882352941177 0.15849673202614378
5 0.5 0.5841503267973857 1 0.8251633986928104