4 0.48111111111111116 0.30772875816993467 0.1779302832244009 0.08351307189542485
4 0.44239651416122006 0.5315032679738562 0.10045751633986931 0.04629084967320268
4 0.6106318082788671 0.6027614379084967 0.11982570806100218 0.04357843137254895
4 0.6263616557734205 0.6440686274509804 0.10771241830065371 0.04447712418300658
4 0.6420915032679739 0.7003431372549019 0.11982570806100218 0.06627450980392148
4 0.747995642701525 0.7008006535947712 0.10167755991285395 0.05991830065359471
4 0.7268191721132898 0.7484640522875817 0.14403050108932464 0.06444444444444435
4 0.8115468409586056 0.6485947712418301 0.11498910675381258 0.04993464052287573
4 0.9375381263616558 0.6181862745098039 0.12490196078431381 0.08895424836601297
4 0.5821786492374729 0.5274183006535947 0.15976034858387803 0.14887254901960786
4 0.6844662309368192 0.5292320261437908 0.14886710239651424 0.23238562091503273
4 0.7703921568627451 0.47658496732026145 0.21180827886710246 0.12163398692810452
5 0.5864270152505447 0.44888888888888895 0.5192374727668846 0.532859477124183