4 0.7295751633986928 0.5648379052369077 0.06209150326797386 0.08478802992518704
4 0.7924836601307189 0.5187032418952618 0.06862745098039216 0.04738154613466334
4 0.7189542483660131 0.5124688279301746 0.049019607843137254 0.03740648379052369
4 0.6723856209150327 0.4451371571072319 0.04084967320261438 0.05486284289276808
4 0.6781045751633987 0.38902743142144636 0.05718954248366013 0.06483790523690773
4 0.7271241830065359 0.38902743142144636 0.06209150326797386 0.06483790523690773
4 0.7671568627450981 0.33790523690773067 0.05065359477124183 0.06483790523690773
4 0.8464052287581699 0.33541147132169574 0.05392156862745098 0.04987531172069826
4 0.9648692810457516 0.32418952618453867 0.049019607843137254 0.04738154613466334
4 0.9803921568627451 0.428927680798005 0.0392156862745098 0.06982543640897755
4 0.9901960784313726 0.513715710723192 0.0196078431372549 0.06483790523690773
4 0.8488562091503268 0.5610972568578554 0.06535947712418301 0.05236907730673317
4 0.8480392156862745 0.49501246882793015 0.03104575163398693 0.02743142144638404
4 0.8349673202614379 0.6807980049875312 0.049019607843137254 0.059850374064837904
4 0.6503267973856209 0.6596009975062345 0.06699346405228758 0.08229426433915212
4 0.6936274509803921 0.6870324189526185 0.08169934640522876 0.0773067331670823
4 0.8725490196078431 0.844139650872818 0.11274509803921569 0.15211970074812967
4 0.9844771241830066 0.8379052369077307 0.03104575163398693 0.06982543640897755
4 0.9468954248366013 0.24189526184538654 0.04084967320261438 0.03740648379052369
4 0.9566993464052288 0.13466334164588528 0.0196078431372549 0.029925187032418952
4 0.9150326797385621 0.12468827930174564 0.02287581699346405 0.0199501246882793
4 0.8888888888888888 0.20448877805486285 0.05228758169934641 0.04738154613466334
4 0.8962418300653595 0.2506234413965087 0.0457516339869281 0.032418952618453865
4 0.8374183006535948 0.20698254364089774 0.03758169934640523 0.032418952618453865
4 0.8031045751633987 0.2194513715710723 0.03104575163398693 0.022443890274314215
4 0.8014705882352942 0.27680798004987534 0.029411764705882353 0.022443890274314215
4 0.7434640522875817 0.27805486284289277 0.03594771241830065 0.05236907730673317
4 0.7467320261437909 0.24438902743142144 0.03104575163398693 0.029925187032418952
4 0.6830065359477124 0.30798004987531175 0.029411764705882353 0.0399002493765586
4 0.5400326797385621 0.3192019950124688 0.03431372549019608 0.0399002493765586
4 0.6266339869281046 0.36658354114713215 0.03758169934640523 0.034912718204488775
4 0.49673202614379086 0.33665835411471323 0.03758169934640523 0.04488778054862843
4 0.511437908496732 0.3117206982543641 0.0392156862745098 0.04987531172069826
4 0.46405228758169936 0.39900249376558605 0.049019607843137254 0.06234413965087282
4 0.3937908496732026 0.3566084788029925 0.04084967320261438 0.04987531172069826
4 0.5620915032679739 0.5523690773067331 0.06699346405228758 0.0798004987531172
4 0.571078431372549 0.5673316708229427 0.04411764705882353 0.06982543640897755
4 0.6544117647058824 0.5623441396508728 0.05228758169934641 0.059850374064837904
4 0.6454248366013072 0.5286783042394015 0.04411764705882353 0.059850374064837904
4 0.6862745098039216 0.5311720698254364 0.042483660130718956 0.04987531172069826
4 0.5253267973856209 0.5685785536159601 0.04411764705882353 0.06733167082294264
4 0.6021241830065359 0.5511221945137157 0.029411764705882353 0.04488778054862843
4 0.6119281045751634 0.48877805486284287 0.03594771241830065 0.04738154613466334
4 0.3627450980392157 0.442643391521197 0.05718954248366013 0.04738154613466334
4 0.3758169934640523 0.5635910224438903 0.03104575163398693 0.06483790523690773
4 0.41421568627450983 0.5311720698254364 0.06372549019607843 0.04738154613466334
4 0.4665032679738562 0.5760598503740648 0.08006535947712418 0.07481296758104738
4 0.46078431372549017 0.6097256857855362 0.049019607843137254 0.04239401496259352
4 0.49264705882352944 0.6209476309226932 0.026143790849673203 0.05486284289276808
4 0.5473856209150327 0.6770573566084788 0.0457516339869281 0.05486284289276808
4 0.5040849673202614 0.7493765586034913 0.05555555555555555 0.06483790523690773
4 0.4215686274509804 0.7543640897755611 0.11274509803921569 0.08977556109725686
4 0.3758169934640523 0.7955112219451371 0.06699346405228758 0.10224438902743142
4 0.35784313725490197 0.729426433915212 0.06699346405228758 0.08728179551122195
4 0.3888888888888889 0.6795511221945137 0.06045751633986928 0.08977556109725686
4 0.45098039215686275 0.6670822942643392 0.08823529411764706 0.0798004987531172
4 0.39869281045751637 0.64214463840399 0.06045751633986928 0.07231920199501247
4 0.34068627450980393 0.6184538653366584 0.07026143790849673 0.08478802992518704
4 0.29901960784313725 0.5748129675810474 0.058823529411764705 0.12967581047381546
4 0.33251633986928103 0.5673316708229427 0.0457516339869281 0.08977556109725686
4 0.27205882352941174 0.5498753117206983 0.08660130718954248 0.16957605985037408
4 0.25980392156862747 0.600997506234414 0.04738562091503268 0.1546134663341646
4 0.17647058823529413 0.5399002493765586 0.06372549019607843 0.08229426433915212
4 0.1527777777777778 0.5685785536159601 0.06045751633986928 0.0773067331670823
4 0.1119281045751634 0.6072319201995012 0.0457516339869281 0.0773067331670823
4 0.10620915032679738 0.5610972568578554 0.0392156862745098 0.07481296758104738
4 0.058823529411764705 0.5835411471321695 0.0392156862745098 0.07481296758104738
4 0.07026143790849673 0.628428927680798 0.0718954248366013 0.06982543640897755
4 0.10702614379084967 0.655860349127182 0.05228758169934641 0.08977556109725686
4 0.16339869281045752 0.6246882793017456 0.0392156862745098 0.05486284289276808
4 0.2222222222222222 0.8977556109725686 0.04738562091503268 0.07231920199501247
4 0.2949346405228758 0.9102244389027432 0.04411764705882353 0.06483790523690773
4 0.042483660130718956 0.6658354114713217 0.03758169934640523 0.08229426433915212
4 0.017973856209150325 0.655860349127182 0.021241830065359478 0.059850374064837904
4 0.07516339869281045 0.4975062344139651 0.06372549019607843 0.04488778054862843
4 0.06944444444444445 0.4538653366583541 0.049019607843137254 0.04738154613466334
4 0.12009803921568628 0.45760598503740646 0.03104575163398693 0.034912718204488775
4 0.12745098039215685 0.48129675810473815 0.05065359477124183 0.04987531172069826
4 0.12826797385620914 0.5087281795511222 0.05718954248366013 0.05236907730673317
4 0.1715686274509804 0.43516209476309226 0.05065359477124183 0.0399002493765586
4 0.1781045751633987 0.46508728179551123 0.04084967320261438 0.03740648379052369
4 0.2107843137254902 0.44139650872817954 0.03431372549019608 0.0399002493765586
4 0.049836601307189546 0.33042394014962595 0.05718954248366013 0.06234413965087282