5 0.5367647058823529 0.5898692810457516 0.6740196078431373 0.7254901960784313
4 0.4644607843137255 0.3472222222222222 0.4117647058823529 0.16013071895424835
4 0.4338235294117647 0.5024509803921569 0.3137254901960784 0.1388888888888889
4 0.6727941176470589 0.43137254901960786 0.09313725490196079 0.05392156862745098
4 0.8762254901960784 0.7802287581699346 0.125 0.05228758169934641
4 0.7904411764705882 0.7965686274509803 0.04411764705882353 0.04084967320261438
4 0.7340686274509803 0.8856209150326797 0.08823529411764706 0.05718954248366013
4 0.5980392156862745 0.8872549019607843 0.10294117647058823 0.08823529411764706
4 0.5343137254901961 0.9060457516339869 0.0661764705882353 0.03431372549019608
4 0.41544117647058826 0.9174836601307189 0.11029411764705882 0.0784313725490196
4 0.35049019607843135 0.8937908496732027 0.1053921568627451 0.06045751633986928
4 0.30269607843137253 0.928921568627451 0.1053921568627451 0.0718954248366013
4 0.29044117647058826 0.8970588235294118 0.1053921568627451 0.06372549019607843
4 0.1482843137254902 0.8888888888888888 0.14950980392156862 0.13725490196078433
4 0.16299019607843138 0.9689542483660131 0.125 0.06209150326797386