4 0.1891176470588235 0.6835539215686274 0.09864379084967319 0.1288970588235295
4 0.3008660130718954 0.7135049019607843 0.15491830065359477 0.22875000000000004
4 0.34534313725490196 0.6313480392156862 0.11558823529411766 0.13526960784313719
4 0.450343137254902 0.5682598039215686 0.1670261437908497 0.10710784313725487
4 0.43098039215686273 0.6644852941176471 0.13797385620915037 0.2106127450980393
4 0.3038888888888889 0.854656862745098 0.10166666666666661 0.09894607843137256
4 0.10720588235294118 0.7616176470588235 0.03147058823529411 0.05990196078431386
4 0.03669934640522876 0.8360539215686275 0.032075163398692805 0.052647058823529456
4 0.04063725490196079 0.9000490196078432 0.06415032679738562 0.06446078431372537
4 0.02697712418300654 0.7171323529411764 0.05393790849673202 0.04539215686274505
4 0.19555555555555557 0.9686029411764706 0.06415032679738561 0.04720588235294115
4 0.3377777777777778 0.9241176470588236 0.03993464052287581 0.03085784313725498
4 0.3695424836601307 0.9454411764705882 0.04053921568627451 0.03723039215686288
4 0.3713562091503268 0.8719117647058824 0.06233660130718951 0.05899509803921581
4 0.4091830065359477 0.786593137254902 0.07140522875816992 0.10075980392156866
4 0.4693954248366013 0.7870343137254903 0.049019607843137254 0.0944117647058823
4 0.5268954248366012 0.8392401960784315 0.0695915032679739 0.09169117647058815
4 0.5716830065359477 0.7856862745098039 0.12648692810457512 0.07171568627450978
4 0.5783333333333334 0.7166911764705883 0.15068627450980396 0.09350490196078426
4 0.5771241830065359 0.6059313725490196 0.13495098039215692 0.13889705882352946
4 0.8059640522875817 0.6486029411764705 0.3880718954248366 0.35311274509803914
4 0.7148039215686274 0.8306127450980392 0.07140522875817001 0.05808823529411776
4 0.7653431372549019 0.8446813725490196 0.050228758169934655 0.06627450980392148
4 0.7396078431372549 0.8887009803921568 0.07140522875817001 0.05627450980392166
4 0.8406862745098039 0.8955147058823529 0.08593137254901957 0.06990196078431368
4 0.6977124183006536 0.9693627450980392 0.11437908496732026 0.061274509803921566