5 0.5375816993464052 0.4738562091503268 0.5098039215686274 0.8888888888888888
4 0.4411764705882353 0.09259259259259259 0.25326797385620914 0.16339869281045752
4 0.33986928104575165 0.22004357298474944 0.08823529411764706 0.13071895424836602
4 0.4035947712418301 0.2233115468409586 0.05555555555555555 0.11764705882352941
4 0.477124183006536 0.2429193899782135 0.06209150326797386 0.12636165577342048
4 0.5441176470588235 0.23965141612200436 0.0457516339869281 0.0915032679738562
4 0.5179738562091504 0.10348583877995643 0.08496732026143791 0.11546840958605664
4 0.4338235294117647 0.11764705882352941 0.08496732026143791 0.08932461873638345
4 0.37254901960784315 0.0915032679738562 0.09477124183006536 0.1721132897603486
4 0.29248366013071897 0.7265795206971678 0.06862745098039216 0.10021786492374728
4 0.34967320261437906 0.7603485838779956 0.0457516339869281 0.0915032679738562
4 0.39215686274509803 0.7429193899782135 0.032679738562091505 0.054466230936819175
4 0.4534313725490196 0.7516339869281046 0.08496732026143791 0.0784313725490196
4 0.47794117647058826 0.7396514161220044 0.08333333333333333 0.06971677559912855
4 0.5294117647058824 0.724400871459695 0.03758169934640523 0.030501089324618737
4 0.5637254901960784 0.7309368191721133 0.029411764705882353 0.06971677559912855
4 0.6013071895424836 0.8115468409586056 0.05718954248366013 0.09368191721132897
4 0.6576797385620915 0.738562091503268 0.08660130718954248 0.0915032679738562
4 0.690359477124183 0.710239651416122 0.08169934640522876 0.08278867102396514
4 0.7320261437908496 0.7418300653594772 0.0718954248366013 0.11546840958605664
4 0.7777777777777778 0.789760348583878 0.13071895424836602 0.10021786492374728
4 0.6813725490196079 0.8191721132897604 0.10620915032679738 0.08278867102396514
4 0.8382352941176471 0.8736383442265795 0.18137254901960784 0.11546840958605664
4 0.7933006535947712 0.9248366013071896 0.09477124183006536 0.06971677559912855
4 0.4150326797385621 0.9030501089324618 0.10457516339869281 0.08714596949891068
4 0.863562091503268 0.775599128540305 0.07352941176470588 0.08496732026143791
4 0.9632352941176471 0.7418300653594772 0.05392156862745098 0.058823529411764705
4 0.9166666666666666 0.8529411764705882 0.04738562091503268 0.09368191721132897
4 0.9738562091503268 0.8986928104575164 0.05228758169934641 0.08496732026143791
4 0.8521241830065359 0.9607843137254902 0.15359477124183007 0.07625272331154684