4 0.32861111111111113 0.7607107843137255 0.10166666666666671 0.15794117647058836
4 0.12980392156862744 0.7965686274509803 0.0466013071895425 0.053553921568627504
4 0.02602941176470588 0.8247058823529412 0.021781045751633983 0.024509803921568627
4 0.08805555555555555 0.8632843137254903 0.04176470588235295 0.025416666666666678
4 0.26052287581699346 0.9336519607843138 0.07928104575163396 0.08987745098039206
4 0.5165196078431373 0.9250245098039216 0.16763071895424841 0.1252696078431373
4 0.42514705882352943 0.8274264705882353 0.07321895424836607 0.11166666666666682
4 0.5125816993464052 0.7548039215686274 0.10893790849673196 0.19698529411764706
4 0.6575326797385621 0.7266666666666667 0.11316993464052286 0.21877450980392155
4 0.7731209150326797 0.8378676470588236 0.10833333333333325 0.049019607843137254
4 0.8530065359477124 0.6059313725490196 0.06838235294117641 0.08078431372549015
4 0.8424183006535947 0.674485294117647 0.030261437908496704 0.04176470588235285
4 0.9141176470588236 0.6145588235294118 0.03812091503267962 0.05808823529411769
4 0.7707026143790849 0.4293872549019608 0.17125816993464063 0.09078431372549024
4 0.7352941176470589 0.3313480392156863 0.2432843137254901 0.1379901960784314
4 0.5643300653594772 0.2936519607843137 0.19426470588235292 0.11166666666666668
4 0.582483660130719 0.39215686274509803 0.20999999999999996 0.15612745098039213
5 0.39549019607843133 0.4548039215686275 0.16763071895424833 0.6281862745098041
4 0.421813725490196 0.37083333333333335 0.18155228758169936 0.1879166666666667
4 0.3464705882352941 0.353578431372549 0.14222222222222225 0.21696078431372545
4 0.27717320261437906 0.3653676470588235 0.093202614379085 0.1879166666666667
4 0.1912418300653595 0.3549264705882353 0.13434640522875818 0.15431372549019606
5 0.2102941176470588 0.5255882352941177 0.21120915032679738 0.6172794117647059
5 0.5758333333333334 0.49066176470588235 0.22452614379084962 0.5855147058823529
5 0.754967320261438 0.5555637254901961 0.21000000000000008 0.63