4 0.2769607843137255 0.37663398692810457 0.4117647058823529 0.184640522875817
4 0.5012254901960784 0.36437908496732024 0.25 0.13725490196078433
4 0.6066176470588235 0.3366013071895425 0.23039215686274508 0.1781045751633987
4 0.7022058823529411 0.309640522875817 0.14215686274509803 0.12745098039215685
4 0.7549019607843137 0.7393790849673203 0.2867647058823529 0.19281045751633988
4 0.7132352941176471 0.8243464052287581 0.25245098039215685 0.1437908496732026
4 0.8639705882352942 0.8308823529411765 0.21568627450980393 0.119281045751634
4 0.6004901960784313 0.8643790849673203 0.2181372549019608 0.10784313725490197
4 0.4375 0.8668300653594772 0.24509803921568626 0.12581699346405228
4 0.11029411764705882 0.8178104575163399 0.17892156862745098 0.0915032679738562
4 0.1017156862745098 0.7173202614379085 0.14705882352941177 0.15849673202614378
5 0.49387254901960786 0.5825163398692811 0.9877450980392157 0.8251633986928104