4 0.2421354166666667 0.4985648148148148 0.1707682291666667 0.19587962962962965
4 0.4755078125 0.4019675925925926 0.04256510416666659 0.07210648148148142
4 0.44221354166666665 0.3071527777777778 0.060091145833333304 0.11039351851851852
4 0.33127604166666663 0.36724537037037036 0.09264322916666672 0.09525462962962958
4 0.5896875 0.5844907407407407 0.08864583333333338 0.10416666666666667
4 0.5411197916666667 0.6365740740740741 0.05759114583333336 0.06766203703703708
4 0.26592447916666667 0.7149305555555556 0.17027343750000004 0.19942129629629624
4 0.9692447916666667 0.5079166666666667 0.06149739583333336 0.15224537037037034
4 0.8866666666666667 0.8493518518518519 0.0686067708333334 0.06766203703703708
4 0.9609895833333333 0.9665277777777779 0.07802083333333343 0.06694444444444435
4 0.6245052083333333 0.32229166666666664 0.06610677083333331 0.08724537037037036
4 0.17052083333333334 0.12865740740740741 0.06059895833333334 0.0632175925925926