4 0.6770833333333334 0.3449074074074074 0.10546875 0.16898148148148148
4 0.6106770833333334 0.32175925925925924 0.1015625 0.1388888888888889
4 0.5481770833333334 0.34837962962962965 0.08723958333333333 0.1712962962962963
4 0.4811197916666667 0.4444444444444444 0.11067708333333333 0.1597222222222222
4 0.37890625 0.5578703703703703 0.08203125 0.09490740740740741
4 0.3294270833333333 0.6296296296296297 0.14713541666666666 0.11805555555555555
4 0.3951822916666667 0.6828703703703703 0.12369791666666667 0.12731481481481483
4 0.4192708333333333 0.8032407407407407 0.26953125 0.1736111111111111
4 0.2981770833333333 0.8807870370370371 0.15885416666666666 0.13657407407407407
4 0.18098958333333334 0.7685185185185185 0.23567708333333334 0.31712962962962965
4 0.09309895833333333 0.9143518518518519 0.13151041666666666 0.1712962962962963
4 0.14192708333333334 0.5150462962962963 0.2591145833333333 0.3055555555555556
4 0.380859375 0.33101851851851855 0.171875 0.17592592592592593
4 0.44140625 0.25 0.13151041666666666 0.1574074074074074
4 0.5065104166666666 0.18981481481481483 0.14973958333333334 0.21296296296296297
4 0.6041666666666666 0.2013888888888889 0.09895833333333333 0.18287037037037038
4 0.65625 0.1527777777777778 0.08854166666666667 0.13194444444444445
4 0.7076822916666666 0.23148148148148148 0.11588541666666667 0.14583333333333334
4 0.7428385416666666 0.18518518518518517 0.08463541666666667 0.16666666666666666
4 0.775390625 0.2569444444444444 0.08723958333333333 0.1087962962962963
4 0.953125 0.41087962962962965 0.09244791666666667 0.10648148148148148
4 0.6875 0.48148148148148145 0.13932291666666666 0.1111111111111111
4 0.5989583333333334 0.47800925925925924 0.09244791666666667 0.10185185185185185
4 0.7330729166666666 0.7453703703703703 0.2630208333333333 0.1712962962962963
4 0.3404947916666667 0.13541666666666666 0.16927083333333334 0.12037037037037036