4 0.3014705882352941 0.31862745098039214 0.1503267973856209 0.16176470588235295
4 0.5841503267973857 0.35049019607843135 0.238562091503268 0.2034313725490196
4 0.8161764705882353 0.32598039215686275 0.21241830065359477 0.23284313725490197
4 0.7116013071895425 0.6384803921568627 0.11601307189542484 0.41421568627450983
4 0.7916666666666666 0.8872549019607843 0.0392156862745098 0.0857843137254902
4 0.8790849673202614 0.8823529411764706 0.05718954248366013 0.06862745098039216
4 0.9166666666666666 0.9019607843137255 0.0457516339869281 0.061274509803921566
4 0.934640522875817 0.8370098039215687 0.04084967320261438 0.06372549019607843
4 0.7238562091503268 0.866421568627451 0.05228758169934641 0.061274509803921566
4 0.6617647058823529 0.8394607843137255 0.08496732026143791 0.10049019607843138
4 0.6699346405228758 0.8946078431372549 0.06862745098039216 0.04656862745098039
4 0.559640522875817 0.9264705882352942 0.06535947712418301 0.0784313725490196
4 0.4959150326797386 0.9056372549019608 0.07516339869281045 0.04411764705882353
4 0.5906862745098039 0.8419117647058824 0.05718954248366013 0.07352941176470588
4 0.5383986928104575 0.8357843137254902 0.07352941176470588 0.09068627450980392
4 0.4795751633986928 0.8345588235294118 0.04084967320261438 0.06372549019607843
4 0.42320261437908496 0.8455882352941176 0.08333333333333333 0.0784313725490196
4 0.40441176470588236 0.821078431372549 0.03431372549019608 0.05392156862745098
4 0.4158496732026144 0.758578431372549 0.03431372549019608 0.10294117647058823
4 0.38562091503267976 0.7107843137254902 0.12908496732026145 0.1568627450980392
4 0.3047385620915033 0.7634803921568627 0.0457516339869281 0.06862745098039216
4 0.09395424836601307 0.7450980392156863 0.03594771241830065 0.04411764705882353
4 0.06454248366013073 0.7634803921568627 0.04084967320261438 0.041666666666666664
4 0.119281045751634 0.758578431372549 0.04084967320261438 0.04411764705882353
4 0.15359477124183007 0.7524509803921569 0.03594771241830065 0.05392156862745098
4 0.18790849673202614 0.7426470588235294 0.0457516339869281 0.049019607843137254
4 0.20016339869281047 0.7169117647058824 0.06209150326797386 0.09068627450980392
4 0.11764705882352941 0.36151960784313725 0.13071895424836602 0.1323529411764706
5 0.11356209150326797 0.5257352941176471 0.2107843137254902 0.49019607843137253
5 0.29330065359477125 0.4730392156862745 0.20915032679738563 0.6372549019607843
5 0.4616013071895425 0.5428921568627451 0.13725490196078433 0.5759803921568627
5 0.5808823529411765 0.5588235294117647 0.24509803921568626 0.6666666666666666
5 0.8300653594771242 0.5588235294117647 0.24673202614379086 0.7107843137254902