4 0.7571614583333334 0.47453703703703703 0.17578125 0.21064814814814814
4 0.521484375 0.3993055555555556 0.044270833333333336 0.0763888888888889
4 0.5520833333333334 0.3020833333333333 0.06380208333333333 0.11574074074074074
4 0.6647135416666666 0.35185185185185186 0.09505208333333333 0.10416666666666667
4 0.4127604166666667 0.5925925925925926 0.09114583333333333 0.11342592592592593
4 0.462890625 0.6400462962962963 0.059895833333333336 0.07407407407407407
4 0.740234375 0.6932870370370371 0.17578125 0.2152777777777778
4 0.032552083333333336 0.5509259259259259 0.06510416666666667 0.1574074074074074
4 0.12434895833333333 0.8854166666666666 0.0703125 0.07407407407407407
4 0.052734375 0.9861111111111112 0.07942708333333333 0.027777777777777776
4 0.3704427083333333 0.33449074074074076 0.06901041666666667 0.09259259259259259
4 0.818359375 0.09837962962962964 0.0625 0.06944444444444445