5 0.6119281045751634 0.4571078431372549 0.6356209150326797 0.8700980392156863
4 0.8129084967320261 0.6053921568627451 0.2679738562091503 0.4215686274509804
4 0.6241830065359477 0.7071078431372549 0.35784313725490197 0.28431372549019607
4 0.45179738562091504 0.5759803921568627 0.17483660130718953 0.25735294117647056
4 0.46078431372549017 0.41299019607843135 0.10294117647058823 0.1323529411764706
4 0.22875816993464052 0.6102941176470589 0.09967320261437909 0.14950980392156862
4 0.3472222222222222 0.5882352941176471 0.05228758169934641 0.2107843137254902
4 0.33905228758169936 0.7279411764705882 0.05392156862745098 0.056372549019607844
4 0.4918300653594771 0.8982843137254902 0.04738562091503268 0.056372549019607844
4 0.05310457516339869 0.9681372549019608 0.049019607843137254 0.04411764705882353
4 0.6478758169934641 0.15931372549019607 0.1715686274509804 0.1568627450980392
4 0.7279411764705882 0.17769607843137256 0.09313725490196079 0.07352941176470588
4 0.7524509803921569 0.28799019607843135 0.12254901960784313 0.2867647058823529