4 0.4599673202614379 0.7320261437908496 0.3333333333333333 0.48366013071895425
4 0.7034313725490197 0.6350762527233116 0.12091503267973856 0.15250544662309368
4 0.5996732026143791 0.6067538126361656 0.11274509803921569 0.18736383442265794
4 0.5637254901960784 0.48257080610021785 0.14052287581699346 0.19172113289760348
4 0.6633986928104575 0.3997821350762527 0.14705882352941177 0.22440087145969498
4 0.6625816993464052 0.5468409586056645 0.08660130718954248 0.11982570806100218
4 0.46078431372549017 0.3344226579520697 0.12254901960784313 0.2047930283224401
4 0.3758169934640523 0.31917211328976036 0.1715686274509804 0.22657952069716775
4 0.2777777777777778 0.7581699346405228 0.24509803921568626 0.3442265795206972
4 0.14705882352941177 0.6764705882352942 0.21568627450980393 0.3224400871459695
5 0.4354575163398693 0.5 0.8251633986928104 1