5 0.271421568627451 0.5305882352941176 0.4617483660130718 0.8669117647058823
5 0.633921568627451 0.5310539215686274 0.27173202614379094 0.63
4 0.8644934640522877 0.674485294117647 0.0647549019607844 0.1252696078431373
4 0.7900653594771242 0.5896078431372549 0.11679738562091506 0.10075980392156866
4 0.8109477124183007 0.6068382352941176 0.11377450980392156 0.09894607843137249
4 0.8381699346405229 0.6762990196078431 0.07383986928104584 0.13980392156862742
4 0.7579901960784313 0.6912745098039216 0.13495098039215692 0.10075980392156866
4 0.7737254901960784 0.743921568627451 0.09622549019607841 0.151593137254902
4 0.6962581699346405 0.6603921568627451 0.07686274509803916 0.2641666666666666
4 0.6729575163398693 0.7797794117647058 0.1319281045751634 0.14705882352941177
4 0.6336274509803921 0.6921813725490197 0.07140522875817001 0.2060539215686275
4 0.560392156862745 0.5991176470588235 0.09803921568627451 0.17610294117647066
4 0.5483006535947712 0.6781127450980392 0.13071895424836602 0.226936274509804
4 0.5960947712418301 0.7965686274509803 0.13797385620915023 0.10982843137254888
4 0.5131862745098039 0.737107843137255 0.1234640522875818 0.1288970588235295
4 0.48444444444444446 0.8514950980392157 0.17490196078431372 0.17066176470588235
4 0.39124183006535945 0.8927941176470588 0.0683823529411765 0.10438725490196087
4 0.39488562091503265 0.9468137254901962 0.07080065359477121 0.08531862745098054
4 0.3131862745098039 0.8260784313725491 0.14222222222222225 0.26870098039215684
4 0.584297385620915 0.5923284313725489 0.14464052287581697 0.17519607843137253
4 0.3177124183006536 0.27732843137254903 0.4429901960784314 0.11892156862745097
4 0.32952614379084966 0.17566176470588235 0.36856209150326796 0.11529411764705881