4 0.5631808278867102 0.31290849673202614 0.19389978213507625 0.10620915032679738
4 0.5490196078431373 0.5383986928104575 0.10893246187363835 0.058823529411764705
4 0.3671023965141612 0.5866013071895425 0.12854030501089325 0.058823529411764705
4 0.3420479302832244 0.6258169934640523 0.11546840958605664 0.05718954248366013
4 0.3137254901960784 0.678921568627451 0.1328976034858388 0.08006535947712418
4 0.20915032679738563 0.6658496732026143 0.11328976034858387 0.0718954248366013
4 0.21895424836601307 0.7148692810457516 0.1568627450980392 0.08169934640522876
4 0.15904139433551198 0.6053921568627451 0.12418300653594772 0.06372549019607843
4 0.05664488017429194 0.5588235294117647 0.11328976034858387 0.10457516339869281
4 0.4128540305010893 0.5163398692810458 0.19172113289760348 0.16666666666666666
4 0.3115468409586057 0.5049019607843137 0.20043572984749455 0.24836601307189543
4 0.23965141612200436 0.44199346405228757 0.2374727668845316 0.14705882352941177
5 0.42701525054466233 0.4387254901960784 0.6339869281045751 0.5931372549019608