4 0.27941176470588236 0.6184538653366584 0.05555555555555555 0.07231920199501247
4 0.21241830065359477 0.5885286783042394 0.06535947712418301 0.032418952618453865
4 0.28513071895424835 0.5648379052369077 0.04738562091503268 0.02743142144638404
4 0.3235294117647059 0.48753117206982544 0.03594771241830065 0.04738154613466334
4 0.31209150326797386 0.43266832917705733 0.05228758169934641 0.05486284289276808
4 0.2638888888888889 0.4451371571072319 0.05718954248366013 0.04987531172069826
4 0.21895424836601307 0.40399002493765584 0.0457516339869281 0.05236907730673317
4 0.14052287581699346 0.42019950124688277 0.05065359477124183 0.03740648379052369
4 0.02287581699346405 0.4376558603491272 0.0457516339869281 0.034912718204488775
4 0.01715686274509804 0.5448877805486284 0.03431372549019608 0.06234413965087282
4 0.012254901960784314 0.6321695760598504 0.024509803921568627 0.059850374064837904
4 0.16176470588235295 0.6433915211970075 0.06209150326797386 0.03740648379052369
4 0.15522875816993464 0.5785536159600998 0.029411764705882353 0.0199501246882793
4 0.18790849673202614 0.7581047381546134 0.04411764705882353 0.04987531172069826
4 0.3684640522875817 0.6932668329177057 0.06045751633986928 0.06982543640897755
4 0.3276143790849673 0.7306733167082294 0.07516339869281045 0.059850374064837904
4 0.16748366013071894 0.928927680798005 0.09967320261437909 0.12967581047381546
4 0.03431372549019608 0.9551122194513716 0.06862745098039216 0.05236907730673317
4 0.031862745098039214 0.3516209476309227 0.0392156862745098 0.02743142144638404
4 0.011437908496732025 0.24812967581047382 0.016339869281045753 0.02743142144638404
4 0.05228758169934641 0.2281795511221945 0.02287581699346405 0.014962593516209476
4 0.0857843137254902 0.30174563591022446 0.049019607843137254 0.034912718204488775
4 0.08251633986928104 0.3491271820448878 0.042483660130718956 0.022443890274314215
4 0.136437908496732 0.29052369077306733 0.03431372549019608 0.02493765586034913
4 0.17238562091503268 0.2955112219451372 0.029411764705882353 0.014962593516209476
4 0.17973856209150327 0.3516209476309227 0.027777777777777776 0.014962593516209476
4 0.2369281045751634 0.33915211970074816 0.03104575163398693 0.04488778054862843
4 0.23039215686274508 0.30673316708229426 0.029411764705882353 0.02493765586034913
4 0.29983660130718953 0.3541147132169576 0.026143790849673203 0.034912718204488775
4 0.44199346405228757 0.33042394014962595 0.03104575163398693 0.032418952618453865
4 0.3611111111111111 0.39775561097256856 0.03594771241830065 0.02743142144638404
4 0.4869281045751634 0.33790523690773067 0.03431372549019608 0.03740648379052369
4 0.46977124183006536 0.3167082294264339 0.03594771241830065 0.0399002493765586
4 0.5245098039215687 0.3915211970074813 0.0457516339869281 0.05236907730673317
4 0.5898692810457516 0.3329177057356609 0.03594771241830065 0.04239401496259352
4 0.4444444444444444 0.5673316708229427 0.06045751633986928 0.06733167082294264
4 0.43709150326797386 0.5835411471321695 0.03758169934640523 0.059850374064837904
4 0.3545751633986928 0.5985037406483791 0.04738562091503268 0.04987531172069826
4 0.35947712418300654 0.5635910224438903 0.0392156862745098 0.04987531172069826
4 0.3194444444444444 0.5760598503740648 0.0392156862745098 0.04239401496259352
4 0.4820261437908497 0.57356608478803 0.03758169934640523 0.057356608478802994
4 0.40441176470588236 0.5748129675810474 0.026143790849673203 0.0399002493765586
4 0.3888888888888889 0.516209476309227 0.032679738562091505 0.0399002493765586
4 0.6299019607843137 0.4114713216957606 0.05392156862745098 0.034912718204488775
4 0.6290849673202614 0.5324189526184538 0.026143790849673203 0.059850374064837904
4 0.5882352941176471 0.5112219451371571 0.06045751633986928 0.032418952618453865
4 0.5408496732026143 0.5673316708229427 0.07516339869281045 0.057356608478802994
4 0.5498366013071896 0.5985037406483791 0.0457516339869281 0.032418952618453865
4 0.5196078431372549 0.6184538653366584 0.021241830065359478 0.04987531172069826
4 0.4714052287581699 0.685785536159601 0.04084967320261438 0.04738154613466334
4 0.5220588235294118 0.7468827930174564 0.05065359477124183 0.05236907730673317
4 0.6037581699346405 0.7331670822942643 0.10620915032679738 0.06483790523690773
4 0.6527777777777778 0.7630922693266833 0.05718954248366013 0.08977556109725686
4 0.6633986928104575 0.6932668329177057 0.06045751633986928 0.07231920199501247
4 0.6282679738562091 0.6508728179551122 0.05228758169934641 0.0798004987531172
4 0.565359477124183 0.6533665835411472 0.08333333333333333 0.059850374064837904
4 0.6143790849673203 0.6172069825436409 0.05392156862745098 0.059850374064837904
4 0.6691176470588235 0.5785536159600998 0.06372549019607843 0.07231920199501247
4 0.7058823529411765 0.5261845386533666 0.04738562091503268 0.11970074812967581
4 0.6723856209150327 0.5261845386533666 0.0392156862745098 0.08229426433915212
4 0.7303921568627451 0.4937655860349127 0.0718954248366013 0.15211970074812967
4 0.7475490196078431 0.5423940149625935 0.032679738562091505 0.14962593516209477
4 0.8243464052287581 0.4625935162094763 0.05718954248366013 0.06982543640897755
4 0.8496732026143791 0.4850374064837905 0.05392156862745098 0.06483790523690773
4 0.8946078431372549 0.5124688279301746 0.0392156862745098 0.06982543640897755
4 0.8954248366013072 0.46633416458852867 0.032679738562091505 0.06733167082294264
4 0.9436274509803921 0.4763092269326683 0.032679738562091505 0.06982543640897755
4 0.9379084967320261 0.5249376558603491 0.06699346405228758 0.05486284289276808
4 0.9035947712418301 0.559850374064838 0.04411764705882353 0.0798004987531172
4 0.8455882352941176 0.5423940149625935 0.03431372549019608 0.04738154613466334
4 0.815359477124183 0.8266832917705735 0.042483660130718956 0.06483790523690773
4 0.744281045751634 0.8566084788029925 0.03758169934640523 0.057356608478802994
4 0.9689542483660131 0.5548628428927681 0.03104575163398693 0.0773067331670823
4 0.9918300653594772 0.5386533665835411 0.016339869281045753 0.057356608478802994
4 0.9191176470588235 0.39650872817955113 0.06209150326797386 0.029925187032418952
4 0.920751633986928 0.3516209476309227 0.0457516339869281 0.034912718204488775
4 0.8709150326797386 0.36783042394014964 0.029411764705882353 0.029925187032418952
4 0.8660130718954249 0.39276807980049877 0.04738562091503268 0.03740648379052369
4 0.8676470588235294 0.41895261845386533 0.05228758169934641 0.0399002493765586
4 0.8178104575163399 0.35785536159601 0.049019607843137254 0.029925187032418952
4 0.8145424836601307 0.38902743142144636 0.03758169934640523 0.029925187032418952
4 0.7802287581699346 0.3740648379052369 0.03104575163398693 0.032418952618453865
4 0.9272875816993464 0.2256857855361596 0.05228758169934641 0.05236907730673317