4 0.2540849673202614 0.2222222222222222 0.2696078431372549 0.2962962962962963
4 0.8316993464052288 0.032679738562091505 0.23529411764705882 0.06535947712418301
4 0.8586601307189542 0.2047930283224401 0.17320261437908496 0.1786492374727669
4 0.9566993464052288 0.25381263616557737 0.05555555555555555 0.13071895424836602
4 0.5637254901960784 0.4095860566448802 0.8169934640522876 0.6775599128540305
4 0.5081699346405228 0.7494553376906318 0.1830065359477124 0.20043572984749455
4 0.35375816993464054 0.789760348583878 0.13071895424836602 0.16122004357298475
4 0.09967320261437909 0.8845315904139434 0.13398692810457516 0.18518518518518517
4 0.1111111111111111 0.9847494553376906 0.03594771241830065 0.030501089324618737
4 0.2034313725490196 0.7494553376906318 0.07352941176470588 0.10021786492374728
4 0.32679738562091504 0.9106753812636166 0.10294117647058823 0.16339869281045752
4 0.4223856209150327 0.920479302832244 0.06862745098039216 0.09586056644880174
4 0.5849673202614379 0.9172113289760349 0.08333333333333333 0.09368191721132897