4 0.2042483660130719 0.6936274509803921 0.19444444444444445 0.23529411764705882
4 0.2622549019607843 0.5441176470588235 0.14705882352941177 0.1323529411764706
4 0.36437908496732024 0.5526960784313726 0.10947712418300654 0.11274509803921569
4 0.45751633986928103 0.5281862745098039 0.1111111111111111 0.09558823529411764
4 0.4991830065359477 0.7732843137254902 0.24673202614379086 0.3112745098039216
4 0.5285947712418301 0.5441176470588235 0.0915032679738562 0.19362745098039216
4 0.6282679738562091 0.5061274509803921 0.1388888888888889 0.1715686274509804
4 0.7761437908496732 0.46568627450980393 0.23366013071895425 0.15931372549019607
4 0.7344771241830066 0.5784313725490197 0.05392156862745098 0.07107843137254902
4 0.6764705882352942 0.8406862745098039 0.16666666666666666 0.20098039215686275
4 0.8194444444444444 0.8002450980392157 0.22712418300653595 0.24754901960784315
4 0.8562091503267973 0.7169117647058824 0.19444444444444445 0.2867647058823529
5 0.04411764705882353 0.6568627450980392 0.08823529411764706 0.15441176470588236
5 0.15441176470588236 0.6446078431372549 0.08986928104575163 0.17892156862745098
5 0.3161764705882353 0.6617647058823529 0.14869281045751634 0.38480392156862747
5 0.39624183006535946 0.6544117647058824 0.10457516339869281 0.3137254901960784
5 0.5686274509803921 0.6801470588235294 0.09477124183006536 0.47794117647058826
5 0.6740196078431373 0.7083333333333334 0.11437908496732026 0.5808823529411765
5 0.8145424836601307 0.6715686274509803 0.22875816993464052 0.6323529411764706