4 0.4795751633986928 0.5392156862745098 0.1388888888888889 0.20833333333333334
4 0.3300653594771242 0.5355392156862745 0.1454248366013072 0.2107843137254902
4 0.3684640522875817 0.37254901960784315 0.15196078431372548 0.22794117647058823
4 0.2826797385620915 0.3321078431372549 0.10947712418300654 0.18382352941176472
4 0.20261437908496732 0.4105392156862745 0.10130718954248366 0.13480392156862744
4 0.09803921568627451 0.3590686274509804 0.19607843137254902 0.23284313725490197
4 0.5751633986928104 0.25 0.21405228758169934 0.24754901960784315
4 0.6862745098039216 0.3125 0.09640522875816994 0.05392156862745098
4 0.6936274509803921 0.3602941176470588 0.08496732026143791 0.07352941176470588
4 0.8284313725490197 0.44485294117647056 0.0457516339869281 0.058823529411764705
4 0.8480392156862745 0.5049019607843137 0.13071895424836602 0.08333333333333333
4 0.9330065359477124 0.23161764705882354 0.13071895424836602 0.25245098039215685
4 0.7549019607843137 0.12009803921568628 0.18137254901960784 0.12254901960784313
4 0.352124183006536 0.16299019607843138 0.1111111111111111 0.07107843137254902
4 0.10130718954248366 0.7377450980392157 0.05555555555555555 0.04411764705882353
4 0.7426470588235294 0.6654411764705882 0.05228758169934641 0.14460784313725492