4 0.5065359477124183 0.738562091503268 0.30718954248366015 0.4553376906318083
4 0.28104575163398693 0.5816993464052288 0.11437908496732026 0.1394335511982571
4 0.3872549019607843 0.579520697167756 0.10294117647058823 0.1786492374727669
4 0.440359477124183 0.4673202614379085 0.12908496732026145 0.1786492374727669
4 0.3545751633986928 0.36056644880174293 0.13562091503267973 0.2113289760348584
4 0.3333333333333333 0.5043572984749455 0.08169934640522876 0.1111111111111111
4 0.5620915032679739 0.3474945533769063 0.11274509803921569 0.19389978213507625
4 0.6478758169934641 0.355119825708061 0.16013071895424835 0.2113289760348584
4 0.6813725490196079 0.8104575163398693 0.22712418300653595 0.3224400871459695
4 0.821078431372549 0.7625272331154684 0.19934640522875818 0.30501089324618735
5 0.5637254901960784 0.5 0.7679738562091504 1