4 0.5245098039215687 0.1511627906976744 0.238562091503268 0.3023255813953488
4 0.4959150326797386 0.3241279069767442 0.15359477124183007 0.2180232558139535
4 0.39869281045751637 0.35755813953488375 0.07026143790849673 0.14534883720930233
4 0.4207516339869281 0.623546511627907 0.06045751633986928 0.11627906976744186
4 0.3897058823529412 0.7005813953488372 0.08660130718954248 0.09302325581395349
4 0.4256535947712418 0.7950581395348837 0.049019607843137254 0.08430232558139535
4 0.4256535947712418 0.8662790697674418 0.10457516339869281 0.13372093023255813
4 0.41094771241830064 0.938953488372093 0.06045751633986928 0.09593023255813954
4 0.5490196078431373 0.7718023255813954 0.14215686274509803 0.2616279069767442
4 0.6887254901960784 0.30959302325581395 0.24509803921568626 0.22674418604651161
5 0.5089869281045751 0.5145348837209303 0.26633986928104575 0.813953488372093
5 0.6870915032679739 0.4636627906976744 0.26633986928104575 0.8459302325581395