5 0.559640522875817 0.3474945533769063 0.37254901960784315 0.6056644880174292
4 0.5351307189542484 0.19825708061002179 0.22875816993464052 0.22657952069716775
4 0.6977124183006536 0.5370370370370371 0.07679738562091504 0.08932461873638345
4 0.7540849673202614 0.6938997821350763 0.06045751633986928 0.08932461873638345
4 0.9142156862745098 0.7091503267973857 0.08496732026143791 0.07625272331154684
4 0.8643790849673203 0.9520697167755992 0.04738562091503268 0.04793028322440087
4 0.6650326797385621 0.900871459694989 0.08496732026143791 0.07625272331154684
4 0.6282679738562091 0.7309368191721133 0.04738562091503268 0.11546840958605664
4 0.6650326797385621 0.8605664488017429 0.03431372549019608 0.0915032679738562
4 0.5612745098039216 0.9291938997821351 0.10294117647058823 0.12636165577342048
4 0.4730392156862745 0.8649237472766884 0.058823529411764705 0.08932461873638345
4 0.375 0.7429193899782135 0.07516339869281045 0.08496732026143791
4 0.3194444444444444 0.6721132897603486 0.049019607843137254 0.06753812636165578
4 0.3006535947712418 0.8572984749455338 0.05555555555555555 0.06753812636165578