4 0.02734375 0.5763888888888888 0.046875 0.12037037037037036
4 0.1015625 0.5671296296296297 0.12369791666666667 0.09953703703703703
4 0.1953125 0.6145833333333334 0.27734375 0.1550925925925926
4 0.17513020833333334 0.2222222222222222 0.06510416666666667 0.09953703703703703
4 0.13671875 0.24537037037037038 0.0390625 0.07407407407407407
4 0.462890625 0.1388888888888889 0.06510416666666667 0.08564814814814815
4 0.5729166666666666 0.11689814814814815 0.048177083333333336 0.06018518518518518
4 0.3990885416666667 0.6041666666666666 0.12760416666666666 0.14814814814814814
4 0.5110677083333334 0.6504629629629629 0.2994791666666667 0.31712962962962965
4 0.6848958333333334 0.7685185185185185 0.13151041666666666 0.0787037037037037
4 0.7623697916666666 0.8287037037037037 0.07682291666666667 0.08796296296296297
4 0.84375 0.8194444444444444 0.0703125 0.15046296296296297
4 0.7604166666666666 0.5879629629629629 0.4791666666666667 0.5370370370370371
5 0.3815104166666667 0.3726851851851852 0.7630208333333334 0.7361111111111112