4 0.289281045751634 0.46568627450980393 0.14887254901960786 0.15068627450980396
4 0.4245261437908497 0.47747549019607843 0.11921568627450982 0.11982843137254899
4 0.5334640522875818 0.5147058823529411 0.09864379084967322 0.226936274509804
4 0.49563725490196076 0.5846078431372549 0.07504901960784306 0.10892156862745098
4 0.5988235294117648 0.48566176470588235 0.12648692810457512 0.15249999999999994
4 0.667516339869281 0.44708333333333333 0.08955882352941168 0.13708333333333336
4 0.7116993464052288 0.39897058823529413 0.07867647058823525 0.12617647058823533
4 0.7924836601307189 0.3258823529411765 0.21120915032679738 0.10892156862745098
4 0.7688888888888888 0.511985294117647 0.07565359477124176 0.1252696078431373
4 0.6865849673202614 0.70125 0.23178104575163402 0.21333333333333332
4 0.5691666666666666 0.17294117647058824 0.06112745098039211 0.11348039215686276
4 0.3488888888888889 0.26779411764705885 0.1301143790849673 0.05990196078431372
4 0.3500980392156863 0.19245098039215686 0.07686274509803925 0.09985294117647062
4 0.1658169934640523 0.09169117647058822 0.08230392156862745 0.09985294117647062
4 0.06444444444444444 0.2500980392156863 0.04660130718954248 0.1171078431372549
4 0.38792483660130717 0.03267156862745098 0.050833333333333355 0.052647058823529415
4 0.4336111111111111 0.03357843137254902 0.0647549019607843 0.061740196078431384