4 0.11982843137254902 0.6585947712418301 0.1987990196078431 0.04993464052287573
4 0.10688725490196078 0.4670424836601307 0.09122549019607842 0.03176470588235303
4 0.20833333333333334 0.4116666666666667 0.09531862745098035 0.024509803921568627
4 0.5644117647058824 0.3444934640522876 0.10485294117647066 0.053562091503268024
4 0.6712990196078431 0.3227124183006536 0.13889705882352937 0.06990196078431368
4 0.6835539215686274 0.26687908496732027 0.12799019607843143 0.052647058823529366
4 0.6753921568627451 0.21877450980392155 0.057181372549019706 0.04539215686274508
4 0.5759803921568627 0.22104575163398693 0.10620098039215689 0.035408496732026166
4 0.46705882352941175 0.2818627450980392 0.07352941176470588 0.04084967320261438
4 0.4227941176470588 0.3027450980392157 0.07762254901960788 0.024509803921568627
4 0.42551470588235296 0.506078431372549 0.10485294117647052 0.08986928104575163
4 0.4513970588235294 0.5460294117647059 0.11301470588235298 0.07171568627450978
4 0.5399019607843137 0.5319607843137255 0.16475490196078424 0.06535947712418301
4 0.6699264705882353 0.5056209150326797 0.11438725490196075 0.08351307189542485
4 0.6992156862745097 0.4756699346405229 0.1429656862745099 0.07261437908496741
4 0.7557107843137254 0.5333169934640523 0.11166666666666682 0.051748366013071825
4 0.8047303921568627 0.46205882352941174 0.09803921568627451 0.08714052287581706
4 0.7461764705882353 0.41802287581699354 0.09259803921568621 0.05718954248366018
4 0.7291666666666666 0.4479901960784314 0.10757352941176468 0.051748366013071825
4 0.745514705882353 0.3844444444444444 0.08850490196078435 0.06444444444444444
4 0.6815196078431373 0.3744607843137255 0.03948529411764709 0.04084967320261438
4 0.6052450980392157 0.6740196078431373 0.2818627450980392 0.09168300653594773
4 0.771372549019608 0.5927777777777777 0.24100490196078442 0.07625816993464046
4 0.28049019607843134 0.7198692810457517 0.1797303921568627 0.10166666666666671
4 0.27776960784313726 0.7716013071895426 0.15522058823529414 0.06535947712418301
4 0.432328431372549 0.9168464052287582 0.25191176470588234 0.12163398692810466
4 0.5507843137254902 0.8905228758169934 0.16747549019607838 0.052647058823529456
4 0.628406862745098 0.9327287581699347 0.20017156862745095 0.08805555555555572
4 0.8406862745098039 0.8619281045751634 0.31862745098039214 0.18137254901960784
4 0.5637254901960784 0.799297385620915 0.17428921568627453 0.09168300653594773
4 0.712156862745098 0.7566339869281046 0.23421568627450987 0.10983660130718959
4 0.9511274509803922 0.24918300653594772 0.061274509803921566 0.04084967320261438
4 0.9061764705882354 0.23057189542483664 0.15387254901960778 0.034493464052287606
4 0.8803186274509804 0.20516339869281047 0.06399509803921571 0.034493464052287606
4 0.08919117647058823 0.23375816993464052 0.11845588235294117 0.029950980392156837