4 0.3790849673202614 0.7022058823529411 0.2908496732026144 0.29901960784313725
4 0.3415032679738562 0.8161764705882353 0.06699346405228758 0.18627450980392157
4 0.17565359477124182 0.7977941176470589 0.2173202614379085 0.20588235294117646
4 0.1642156862745098 0.8774509803921569 0.0915032679738562 0.11764705882352941
4 0.26143790849673204 0.9571078431372549 0.0915032679738562 0.0857843137254902
4 0.2565359477124183 0.9901960784313726 0.0718954248366013 0.0196078431372549
4 0.5449346405228758 0.7892156862745098 0.09967320261437909 0.08823529411764706
4 0.5326797385620915 0.8345588235294118 0.08333333333333333 0.06862745098039216
4 0.6200980392156863 0.8296568627450981 0.1111111111111111 0.13970588235294118
4 0.6495098039215687 0.6580882352941176 0.10294117647058823 0.11764705882352941
4 0.6470588235294118 0.7377450980392157 0.0915032679738562 0.10784313725490197
4 0.7687908496732027 0.7720588235294118 0.20915032679738563 0.12009803921568628
4 0.7785947712418301 0.5821078431372549 0.10947712418300654 0.12254901960784313
4 0.8619281045751634 0.5686274509803921 0.042483660130718956 0.061274509803921566
4 0.9534313725490197 0.7561274509803921 0.03594771241830065 0.0661764705882353
5 0.3055555555555556 0.5355392156862745 0.43300653594771243 0.8676470588235294