4 0.31699346405228757 0.14705882352941177 0.26143790849673204 0.28104575163398693
4 0.9019607843137255 0.11546840958605664 0.19607843137254902 0.14814814814814814
4 0.9044117647058824 0.33877995642701525 0.16830065359477125 0.16775599128540306
4 0.9812091503267973 0.41938997821350765 0.03758169934640523 0.12854030501089325
4 0.579248366013072 0.434640522875817 0.8006535947712419 0.6274509803921569
4 0.4591503267973856 0.7440087145969498 0.17647058823529413 0.1895424836601307
4 0.3022875816993464 0.7298474945533769 0.12581699346405228 0.15468409586056645
4 0.051470588235294115 0.7320261437908496 0.10294117647058823 0.1786492374727669
4 0.02696078431372549 0.8529411764705882 0.03431372549019608 0.06535947712418301
4 0.1650326797385621 0.6394335511982571 0.07026143790849673 0.09586056644880174
4 0.25326797385620914 0.8366013071895425 0.09803921568627451 0.15904139433551198
4 0.13071895424836602 0.9302832244008714 0.08496732026143791 0.054466230936819175
4 0.34395424836601307 0.8790849673202614 0.06535947712418301 0.09368191721132897
4 0.5008169934640523 0.9324618736383442 0.08169934640522876 0.08932461873638345