5 0.6601307189542484 0.5639880952380952 0.3611111111111111 0.8511904761904762
5 0.36437908496732024 0.46577380952380953 0.33986928104575165 0.8660714285714286
4 0.6887254901960784 0.25892857142857145 0.24019607843137256 0.21726190476190477
4 0.9281045751633987 0.8913690476190477 0.09803921568627451 0.16666666666666666
4 0.8169934640522876 0.8735119047619048 0.16176470588235295 0.17559523809523808
4 0.803921568627451 0.8422619047619048 0.10620915032679738 0.22916666666666666
4 0.7491830065359477 0.8020833333333334 0.13398692810457516 0.31845238095238093
4 0.380718954248366 0.7276785714285714 0.761437908496732 0.5267857142857143
4 0.6813725490196079 0.7514880952380952 0.06862745098039216 0.10119047619047619
4 0.6617647058823529 0.8497023809523809 0.12581699346405228 0.16666666666666666
4 0.5874183006535948 0.8065476190476191 0.06862745098039216 0.13095238095238096
4 0.5571895424836601 0.7157738095238095 0.08006535947712418 0.15178571428571427
4 0.5400326797385621 0.5758928571428571 0.07352941176470588 0.20833333333333334
4 0.48856209150326796 0.5431547619047619 0.08169934640522876 0.16964285714285715
4 0.4722222222222222 0.6904761904761905 0.09313725490196079 0.16964285714285715
4 0.5073529411764706 0.8005952380952381 0.08333333333333333 0.13392857142857142
4 0.5490196078431373 0.8660714285714286 0.09313725490196079 0.15773809523809523
4 0.494281045751634 0.8452380952380952 0.058823529411764705 0.1636904761904762
4 0.4387254901960784 0.8020833333333334 0.09313725490196079 0.20535714285714285
4 0.40522875816993464 0.7291666666666666 0.08006535947712418 0.1875
4 0.39624183006535946 0.8005952380952381 0.08986928104575163 0.20833333333333334
4 0.3553921568627451 0.7589285714285714 0.06372549019607843 0.19642857142857142
4 0.35294117647058826 0.6681547619047619 0.0718954248366013 0.10119047619047619
4 0.33986928104575165 0.6175595238095238 0.10130718954248366 0.13095238095238096
4 0.28594771241830064 0.5803571428571429 0.06699346405228758 0.12202380952380952
4 0.2965686274509804 0.6904761904761905 0.07352941176470588 0.17261904761904762
4 0.3047385620915033 0.7708333333333334 0.1111111111111111 0.18452380952380953
4 0.2638888888888889 0.7202380952380952 0.06535947712418301 0.19047619047619047
4 0.2361111111111111 0.7247023809523809 0.06699346405228758 0.17559523809523808
4 0.2818627450980392 0.8125 0.10457516339869281 0.10119047619047619
4 0.18872549019607843 0.7395833333333334 0.08333333333333333 0.11904761904761904
4 0.20179738562091504 0.6622023809523809 0.07026143790849673 0.11607142857142858
4 0.2034313725490196 0.59375 0.05228758169934641 0.09821428571428571
4 0.20751633986928106 0.5491071428571429 0.10130718954248366 0.15476190476190477
4 0.24673202614379086 0.4732142857142857 0.09640522875816994 0.1636904761904762
4 0.18790849673202614 0.47023809523809523 0.1111111111111111 0.19642857142857142
4 0.14297385620915032 0.5461309523809523 0.11601307189542484 0.25595238095238093
4 0.15359477124183007 0.6354166666666666 0.08986928104575163 0.13392857142857142
4 0.1454248366013072 0.6949404761904762 0.08986928104575163 0.14583333333333334
4 0.06535947712418301 0.7008928571428571 0.13071895424836602 0.20535714285714285
4 0.058823529411764705 0.5967261904761905 0.11764705882352941 0.1875
4 0.3946078431372549 0.17113095238095238 0.2173202614379085 0.1875
4 0.4812091503267974 0.2961309523809524 0.06372549019607843 0.10119047619047619
4 0.3709150326797386 0.2663690476190476 0.14705882352941177 0.15773809523809523