4 0.559640522875817 0.1613372093023256 0.22549019607843138 0.26744186046511625
4 0.5130718954248366 0.32558139534883723 0.1437908496732026 0.19476744186046513
4 0.41421568627450983 0.32848837209302323 0.06209150326797386 0.13662790697674418
4 0.40931372549019607 0.5973837209302325 0.05555555555555555 0.10755813953488372
4 0.37173202614379086 0.6627906976744186 0.08333333333333333 0.07848837209302326
4 0.397875816993464 0.7674418604651163 0.0457516339869281 0.07848837209302326
4 0.39052287581699346 0.8372093023255814 0.09803921568627451 0.11627906976744186
4 0.369281045751634 0.9055232558139535 0.05718954248366013 0.0872093023255814
4 0.5220588235294118 0.7834302325581395 0.12908496732026145 0.24127906976744187
4 0.704248366013072 0.3706395348837209 0.2369281045751634 0.18604651162790697
5 0.5073529411764706 0.5159883720930233 0.2238562091503268 0.7819767441860465
5 0.6879084967320261 0.5218023255813954 0.22058823529411764 0.813953488372093