4 0.45 0.14624183006535948 0.7125 0.28431372549019607
4 0.805 0.5555555555555556 0.28 0.2777777777777778
4 0.75875 0.3553921568627451 0.1975 0.1454248366013072
4 0.93375 0.3758169934640523 0.1075 0.08823529411764706
4 0.84125 0.1772875816993464 0.1475 0.08496732026143791
4 0.155 0.30718954248366015 0.14 0.09640522875816994
4 0.1325 0.43137254901960786 0.265 0.13398692810457516
4 0.1825 0.5310457516339869 0.2575 0.12908496732026145
4 0.14875 0.5923202614379085 0.295 0.1781045751633987
4 0.475 0.6895424836601307 0.525 0.28104575163398693
4 0.69 0.7671568627450981 0.4975 0.15359477124183007
4 0.85875 0.7099673202614379 0.2825 0.24019607843137256
4 0.50625 0.7475490196078431 0.9875 0.5049019607843137
4 0.26 0.9133986928104575 0.265 0.17320261437908496
4 0.1875 0.7949346405228758 0.205 0.11601307189542484
4 0.115 0.9395424836601307 0.095 0.12091503267973856
4 0.455 0.9174836601307189 0.23 0.16013071895424835
4 0.6475 0.9003267973856209 0.13 0.18790849673202614
4 0.7925 0.9035947712418301 0.265 0.16339869281045752
4 0.94 0.8897058823529411 0.12 0.14869281045751634
5 0.5 0.5024509803921569 1 0.9950980392156863