4 0.36764705882352944 0.6213235294117647 0.4673202614379085 0.7573529411764706
4 0.18709150326797386 0.22794117647058823 0.17647058823529413 0.2916666666666667
4 0.39624183006535946 0.29901960784313725 0.17647058823529413 0.34558823529411764
4 0.5065359477124183 0.1948529411764706 0.13398692810457516 0.3235294117647059
4 0.5972222222222222 0.22549019607843138 0.0915032679738562 0.2181372549019608
4 0.6838235294117647 0.1948529411764706 0.08823529411764706 0.18382352941176472
4 0.7704248366013072 0.17647058823529413 0.13725490196078433 0.19607843137254902
4 0.8382352941176471 0.1642156862745098 0.11274509803921569 0.14705882352941177
4 0.8390522875816994 0.5281862745098039 0.26633986928104575 0.5637254901960784
4 0.9526143790849673 0.49387254901960786 0.09477124183006536 0.14460784313725492
4 0.9387254901960784 0.6237745098039216 0.12254901960784313 0.21323529411764705
4 0.9477124183006536 0.7720588235294118 0.10457516339869281 0.19607843137254902
4 0.6748366013071896 0.6446078431372549 0.13562091503267973 0.17892156862745098
4 0.7132352941176471 0.7916666666666666 0.22875816993464052 0.25735294117647056
4 0.690359477124183 0.8602941176470589 0.14052287581699346 0.2426470588235294
4 0.6380718954248366 0.8051470588235294 0.13071895424836602 0.25980392156862747
5 0.3300653594771242 0.5 0.6045751633986928 1
5 0.613562091503268 0.5 0.2777777777777778 0.9558823529411765
5 0.6944444444444444 0.4117647058823529 0.2581699346405229 0.8235294117647058
5 0.8578431372549019 0.2855392156862745 0.1977124183006536 0.5612745098039216