5 0.21604575163398693 0.5396813725490196 0.3183169934640523 0.8542156862745097
5 0.5389052287581699 0.5637254901960784 0.38186274509803914 0.7861274509803922
4 0.45388888888888884 0.2224019607843137 0.22150326797385617 0.17247549019607844
4 0.6009477124183006 0.3367892156862745 0.13797385620915043 0.17791666666666664
4 0.6206045751633987 0.4747549019607843 0.13253267973856211 0.1978921568627451
4 0.590359477124183 0.6204656862745098 0.1579575163398692 0.2097058823529412
4 0.6036601307189542 0.8206127450980393 0.26808823529411774 0.208799019607843
4 0.7053431372549019 0.6349754901960785 0.11921568627450986 0.20242647058823537
4 0.821830065359477 0.5006372549019608 0.19849673202614374 0.2968382352941177
4 0.9248366013071896 0.5992647058823529 0.1503267973856209 0.25735294117647056
4 0.8437418300653595 0.8265196078431373 0.312516339869281 0.31862745098039214
4 0.3779411764705883 0.786593137254902 0.12648692810457512 0.2532598039215687
4 0.21000000000000002 0.7752450980392157 0.23723856209150326 0.33041666666666675
4 0.12859477124183008 0.852671568627451 0.19063725490196076 0.2946568627450981
4 0.044183006535947714 0.8336029411764706 0.08834967320261439 0.33279411764705874
4 0.11831699346405228 0.6540441176470588 0.17248366013071895 0.3040931372549019
4 0.06354575163398693 0.49247549019607845 0.12709150326797386 0.34404411764705883
4 0.1627941176470588 0.5278676470588235 0.10408496732026142 0.24419117647058822