5 0.30310457516339867 0.4252450980392157 0.45588235294117646 0.8431372549019608
4 0.3006535947712418 0.17647058823529413 0.16993464052287582 0.2622549019607843
4 0.13970588235294118 0.5870098039215687 0.2761437908496732 0.25735294117647056
4 0.31699346405228757 0.6262254901960784 0.16176470588235295 0.28431372549019607
4 0.20016339869281047 0.8492647058823529 0.0915032679738562 0.10049019607843138
4 0.2965686274509804 0.928921568627451 0.06862745098039216 0.07107843137254902
4 0.39215686274509803 0.8639705882352942 0.11274509803921569 0.12745098039215685
4 0.41421568627450983 0.9178921568627451 0.13725490196078433 0.16176470588235295
4 0.4861111111111111 0.8774509803921569 0.08660130718954248 0.0784313725490196
4 0.5669934640522876 0.7843137254901961 0.12581699346405228 0.16666666666666666
4 0.45016339869281047 0.8002450980392157 0.1437908496732026 0.07598039215686274
4 0.5155228758169934 0.7107843137254902 0.11437908496732026 0.14460784313725492
4 0.4354575163398693 0.5919117647058824 0.18137254901960784 0.32107843137254904
4 0.3799019607843137 0.42769607843137253 0.1111111111111111 0.2107843137254902
4 0.4542483660130719 0.3125 0.08333333333333333 0.11519607843137254
4 0.8611111111111112 0.6348039215686274 0.06535947712418301 0.14950980392156862
4 0.8995098039215687 0.5465686274509803 0.042483660130718956 0.10294117647058823