4 0.19281045751633988 0.6458333333333334 0.2107843137254902 0.2647058823529412
4 0.26062091503267976 0.5073529411764706 0.15522875816993464 0.15441176470588236
4 0.3619281045751634 0.5318627450980392 0.11601307189542484 0.12745098039215685
4 0.45588235294117646 0.5208333333333334 0.11601307189542484 0.11274509803921569
4 0.4795751633986928 0.7720588235294118 0.2679738562091503 0.3480392156862745
4 0.5253267973856209 0.5490196078431373 0.10457516339869281 0.20833333333333334
4 0.6274509803921569 0.5257352941176471 0.1503267973856209 0.19117647058823528
4 0.7769607843137255 0.508578431372549 0.2434640522875817 0.19607843137254902
4 0.7271241830065359 0.6151960784313726 0.058823529411764705 0.08088235294117647
4 0.6519607843137255 0.866421568627451 0.17973856209150327 0.22549019607843138
4 0.7965686274509803 0.8480392156862745 0.2434640522875817 0.2818627450980392
4 0.8390522875816994 0.7708333333333334 0.21405228758169934 0.3137254901960784
5 0.041666666666666664 0.5833333333333334 0.08333333333333333 0.16666666666666666
5 0.14624183006535948 0.5894607843137255 0.10294117647058823 0.19117647058823528
5 0.30637254901960786 0.6311274509803921 0.17483660130718953 0.4068627450980392
5 0.38562091503267976 0.6372549019607843 0.12581699346405228 0.3284313725490196
5 0.5555555555555556 0.6899509803921569 0.12745098039215685 0.49019607843137253
5 0.6584967320261438 0.7181372549019608 0.15359477124183007 0.5637254901960784
5 0.8006535947712419 0.6936274509803921 0.27124183006535946 0.6127450980392157