4 0.7295751633986928 0.8112745098039216 0.09967320261437909 0.1323529411764706
4 0.6642156862745098 0.7230392156862745 0.09967320261437909 0.14705882352941177
4 0.625 0.6409313725490197 0.09803921568627451 0.14460784313725492
4 0.6053921568627451 0.5992647058823529 0.06699346405228758 0.09313725490196079
4 0.565359477124183 0.5110294117647058 0.05392156862745098 0.07598039215686274
4 0.5302287581699346 0.4387254901960784 0.042483660130718956 0.06372549019607843
4 0.4542483660130719 0.40318627450980393 0.029411764705882353 0.049019607843137254
4 0.4297385620915033 0.45955882352941174 0.032679738562091505 0.056372549019607844
4 0.37745098039215685 0.5821078431372549 0.042483660130718956 0.061274509803921566
4 0.34395424836601307 0.6323529411764706 0.032679738562091505 0.051470588235294115
4 0.3627450980392157 0.7830882352941176 0.0718954248366013 0.11764705882352941
4 0.39215686274509803 0.38480392156862747 0.03594771241830065 0.03676470588235294
4 0.3709150326797386 0.39950980392156865 0.03431372549019608 0.0392156862745098
4 0.33905228758169936 0.4252450980392157 0.0457516339869281 0.03676470588235294
4 0.26633986928104575 0.43137254901960786 0.04411764705882353 0.031862745098039214
4 0.18137254901960784 0.44607843137254904 0.032679738562091505 0.061274509803921566
4 0.22712418300653595 0.4963235294117647 0.029411764705882353 0.04656862745098039
4 0.2777777777777778 0.5183823529411765 0.0718954248366013 0.056372549019607844
4 0.27205882352941174 0.6029411764705882 0.14052287581699346 0.2107843137254902
4 0.30800653594771243 0.7377450980392157 0.05228758169934641 0.09558823529411764
4 0.3137254901960784 0.8529411764705882 0.09967320261437909 0.11764705882352941
4 0.238562091503268 0.7830882352941176 0.08006535947712418 0.1568627450980392
4 0.05555555555555555 0.7487745098039216 0.10947712418300654 0.25
4 0.13398692810457516 0.8014705882352942 0.2679738562091503 0.39705882352941174
4 0.09477124183006536 0.4644607843137255 0.06699346405228758 0.07598039215686274
4 0.11519607843137254 0.5502450980392157 0.07352941176470588 0.049019607843137254
4 0.8521241830065359 0.741421568627451 0.10947712418300654 0.10049019607843138
4 0.7026143790849673 0.6372549019607843 0.04738562091503268 0.11274509803921569
4 0.7344771241830066 0.4497549019607843 0.0915032679738562 0.09558823529411764
4 0.5882352941176471 0.3958333333333333 0.06862745098039216 0.049019607843137254
4 0.5506535947712419 0.3909313725490196 0.05555555555555555 0.03431372549019608
5 0.8022875816993464 0.5882352941176471 0.12254901960784313 0.2965686274509804
5 0.7410130718954249 0.5355392156862745 0.07679738562091504 0.32598039215686275
5 0.6070261437908496 0.4877450980392157 0.11437908496732026 0.17647058823529413
5 0.545751633986928 0.4215686274509804 0.06372549019607843 0.10784313725490197
5 0.45016339869281047 0.3958333333333333 0.04411764705882353 0.0784313725490196
5 0.39215686274509803 0.4178921568627451 0.06699346405228758 0.12745098039215685
5 0.34395424836601307 0.47794117647058826 0.10130718954248366 0.18872549019607843
5 0.2508169934640523 0.5649509803921569 0.17483660130718953 0.36519607843137253
5 0.15604575163398693 0.678921568627451 0.2565359477124183 0.5196078431372549