5 0.4347058823529412 0.35130718954248363 0.3506209150326798 0.5827886710239651
4 0.4534313725490196 0.20152505446623092 0.22058823529411764 0.2106100217864924
4 0.30398692810457517 0.5510239651416122 0.07284313725490194 0.08533769063180831
4 0.2536111111111111 0.7112418300653595 0.056503267973856186 0.0862309368191722
4 0.094640522875817 0.7375599128540306 0.08305555555555556 0.06989106753812645
4 0.15419934640522875 0.9767538126361656 0.04562091503267977 0.045381263616557824
4 0.3509640522875817 0.9113943355119826 0.08238562091503271 0.07080610021786492
4 0.3809150326797386 0.7393681917211329 0.0428921568627451 0.11346405228758179
4 0.3496078431372549 0.871917211328976 0.030637254901960783 0.08986928104575163
4 0.4554738562091503 0.9327450980392157 0.09803921568627451 0.11891067538126371
4 0.5412581699346405 0.8623747276688453 0.05583333333333327 0.08533769063180818
4 0.6345261437908496 0.733921568627451 0.07217320261437901 0.0789760348583878
4 0.6873039215686274 0.6594989106753812 0.046977124183006536 0.06444444444444454
4 0.7131699346405228 0.8428540305010893 0.05379084967320255 0.06444444444444454