4 0.39705882352941174 0.29411764705882354 0.06535947712418301 0.11982570806100218
4 0.4199346405228758 0.33986928104575165 0.07026143790849673 0.10457516339869281
4 0.4616013071895425 0.35838779956427014 0.05065359477124183 0.09803921568627451
4 0.4934640522875817 0.3660130718954248 0.06209150326797386 0.09368191721132897
4 0.5400326797385621 0.3758169934640523 0.04738562091503268 0.12200435729847495
4 0.5857843137254902 0.3779956427015251 0.05065359477124183 0.10457516339869281
4 0.6348039215686274 0.3769063180827887 0.06699346405228758 0.11328976034858387
4 0.6748366013071896 0.3442265795206972 0.0457516339869281 0.1111111111111111
4 0.6429738562091504 0.3028322440087146 0.05555555555555555 0.0915032679738562
4 0.6764705882352942 0.2766884531590414 0.06372549019607843 0.08061002178649238
4 0.625 0.2178649237472767 0.05555555555555555 0.06753812636165578
4 0.6552287581699346 0.22440087145969498 0.06209150326797386 0.09368191721132897
4 0.5857843137254902 0.20588235294117646 0.06862745098039216 0.06535947712418301
4 0.5776143790849673 0.275599128540305 0.07679738562091504 0.1503267973856209
4 0.6127450980392157 0.238562091503268 0.08986928104575163 0.10675381263616558
4 0.5326797385620915 0.2679738562091503 0.07516339869281045 0.12200435729847495
4 0.2818627450980392 0.6546840958605664 0.19444444444444445 0.23965141612200436
4 0.2540849673202614 0.7832244008714597 0.24019607843137256 0.22657952069716775
4 0.29248366013071897 0.8714596949891068 0.0718954248366013 0.0915032679738562
4 0.3415032679738562 0.8420479302832244 0.05065359477124183 0.0718954248366013
4 0.3553921568627451 0.8932461873638344 0.08496732026143791 0.09586056644880174
4 0.2957516339869281 0.9444444444444444 0.08006535947712418 0.06971677559912855
4 0.6102941176470589 0.9357298474945533 0.07352941176470588 0.12854030501089325
4 0.9354575163398693 0.9673202614379085 0.06372549019607843 0.06535947712418301
4 0.0457516339869281 0.7004357298474946 0.0718954248366013 0.06535947712418301
4 0.016339869281045753 0.6514161220043573 0.032679738562091505 0.08714596949891068
4 0.12254901960784313 0.49019607843137253 0.032679738562091505 0.04793028322440087
4 0.1830065359477124 0.47167755991285404 0.07026143790849673 0.058823529411764705
4 0.2883986928104575 0.5479302832244008 0.042483660130718956 0.07407407407407407
4 0.34558823529411764 0.5 0.042483660130718956 0.04793028322440087
5 0.5008169934640523 0.5490196078431373 0.8415032679738562 0.9019607843137255