5 0.5441176470588235 0.4730392156862745 0.3627450980392157 0.8578431372549019
4 0.5906862745098039 0.2965686274509804 0.16830065359477125 0.17401960784313725
4 0.5449346405228758 0.15073529411764705 0.272875816993464 0.22058823529411764
4 0.14624183006535948 0.8970588235294118 0.12745098039215685 0.09068627450980392
4 0.12990196078431374 0.7377450980392157 0.11601307189542484 0.1715686274509804
4 0.21323529411764705 0.5906862745098039 0.0457516339869281 0.13480392156862744
4 0.28921568627450983 0.5943627450980392 0.06372549019607843 0.09558823529411764
4 0.29411764705882354 0.7389705882352942 0.272875816993464 0.37745098039215685
4 0.5179738562091504 0.8259803921568627 0.2630718954248366 0.2647058823529412
4 0.6944444444444444 0.7634803921568627 0.2565359477124183 0.35294117647058826
4 0.8676470588235294 0.8075980392156863 0.08496732026143791 0.08333333333333333
4 0.8161764705882353 0.9093137254901961 0.05392156862745098 0.0784313725490196