4 0.6454248366013072 0.3577023498694517 0.23366013071895425 0.2010443864229765
4 0.5122549019607843 0.49738903394255873 0.10784313725490197 0.2898172323759791
4 0.5065359477124183 0.6553524804177546 0.0915032679738562 0.1566579634464752
4 0.3946078431372549 0.5378590078328982 0.2173202614379085 0.4516971279373368
4 0.43218954248366015 0.7284595300261096 0.05392156862745098 0.06788511749347259
4 0.4632352941176471 0.7571801566579635 0.12091503267973856 0.08877284595300261
4 0.5106209150326797 0.7637075718015666 0.07679738562091504 0.09399477806788512
4 0.5947712418300654 0.7741514360313316 0.0718954248366013 0.0835509138381201
4 0.5490196078431373 0.7924281984334204 0.0718954248366013 0.07571801566579635
4 0.6454248366013072 0.8524804177545692 0.09477124183006536 0.07571801566579635
4 0.7197712418300654 0.8746736292428199 0.08660130718954248 0.06527415143603134
4 0.4550653594771242 0.8590078328981723 0.06699346405228758 0.07049608355091384
4 0.3415032679738562 0.8080939947780679 0.07352941176470588 0.0391644908616188
4 0.2785947712418301 0.6540469973890339 0.05228758169934641 0.07049608355091384
4 0.738562091503268 0.7558746736292428 0.04411764705882353 0.07049608355091384
4 0.9191176470588235 0.8446475195822454 0.06862745098039216 0.044386422976501305