5 0.3880718954248366 0.6764705882352942 0.4297385620915033 0.5686274509803921
4 0.369281045751634 0.4583333333333333 0.10130718954248366 0.09313725490196079
4 0.30310457516339867 0.6397058823529411 0.07679738562091504 0.1323529411764706
4 0.31862745098039214 0.7450980392156863 0.06372549019607843 0.22058823529411764
4 0.31290849673202614 0.8137254901960784 0.11274509803921569 0.1642156862745098
4 0.24019607843137256 0.7977941176470589 0.10620915032679738 0.10294117647058823
4 0.24836601307189543 0.7218137254901961 0.058823529411764705 0.08823529411764706
4 0.21160130718954248 0.7156862745098039 0.05065359477124183 0.09803921568627451
4 0.1437908496732026 0.7622549019607843 0.05718954248366013 0.09313725490196079
4 0.12581699346405228 0.7193627450980392 0.06372549019607843 0.0784313725490196
4 0.1781045751633987 0.7463235294117647 0.05228758169934641 0.11764705882352941
4 0.08660130718954248 0.7879901960784313 0.05392156862745098 0.09068627450980392
4 0.06045751633986928 0.7928921568627451 0.05718954248366013 0.1053921568627451
4 0.1454248366013072 0.8333333333333334 0.09477124183006536 0.09558823529411764
4 0.15522875816993464 0.8995098039215687 0.09640522875816994 0.1053921568627451
4 0.37826797385620914 0.7855392156862745 0.07679738562091504 0.11274509803921569
4 0.4264705882352941 0.7732843137254902 0.058823529411764705 0.11029411764705882
4 0.46977124183006536 0.7843137254901961 0.04738562091503268 0.13725490196078433
4 0.494281045751634 0.7781862745098039 0.0392156862745098 0.16176470588235295
4 0.5531045751633987 0.8186274509803921 0.09477124183006536 0.18382352941176472
4 0.576797385620915 0.8088235294117647 0.08986928104575163 0.08823529411764706
4 0.47467320261437906 0.6642156862745098 0.10947712418300654 0.11764705882352941
4 0.5392156862745098 0.6593137254901961 0.049019607843137254 0.10784313725490197
4 0.6037581699346405 0.6776960784313726 0.09477124183006536 0.15931372549019607