5 0.5 0.5 1 1
4 0.1053921568627451 0.47468354430379744 0.2107843137254902 0.3265822784810127
4 0.07598039215686274 0.2582278481012658 0.10784313725490197 0.1240506329113924
4 0.2589869281045752 0.24050632911392406 0.1568627450980392 0.22784810126582278
4 0.43137254901960786 0.38734177215189874 0.2042483660130719 0.3848101265822785
4 0.7663398692810458 0.6164556962025316 0.25326797385620914 0.5443037974683544
4 0.7312091503267973 0.8481012658227848 0.16993464052287582 0.2582278481012658
4 0.9052287581699346 0.6151898734177215 0.1895424836601307 0.6582278481012658
4 0.7933006535947712 0.22278481012658227 0.1323529411764706 0.1240506329113924
4 0.6552287581699346 0.18860759493670887 0.10294117647058823 0.1240506329113924
4 0.5310457516339869 0.1810126582278481 0.0915032679738562 0.15443037974683543