4 0.7638888888888888 0.6867321867321867 0.4722222222222222 0.6265356265356266
4 0.8464052287581699 0.9238329238329238 0.13071895424836602 0.15233415233415235
4 0.8921568627450981 0.5909090909090909 0.12745098039215685 0.15233415233415235
4 0.8194444444444444 0.6142506142506142 0.13071895424836602 0.1375921375921376
4 0.7671568627450981 0.5466830466830467 0.15359477124183007 0.171990171990172
4 0.6952614379084967 0.47911547911547914 0.12091503267973856 0.13267813267813267
4 0.6764705882352942 0.6375921375921376 0.16993464052287582 0.2702702702702703
4 0.6397058823529411 0.7923832923832924 0.12254901960784313 0.16707616707616707
4 0.5449346405228758 0.8685503685503686 0.1781045751633987 0.18181818181818182
4 0.7491830065359477 0.8083538083538083 0.12581699346405228 0.2678132678132678
4 0.8055555555555556 0.8759213759213759 0.17483660130718953 0.23587223587223588
4 0.9133986928104575 0.8574938574938575 0.12745098039215685 0.20147420147420148
4 0.8611111111111112 0.7346437346437347 0.15849673202614378 0.23095823095823095
4 0.9215686274509803 0.6744471744471745 0.14869281045751634 0.20638820638820637
4 0.7769607843137255 0.6609336609336609 0.1830065359477124 0.14250614250614252
4 0.3937908496732026 0.5135135135135135 0.13071895424836602 0.23832923832923833
4 0.3284313725490196 0.6179361179361179 0.19281045751633988 0.19164619164619165
4 0.2295751633986928 0.558968058968059 0.11764705882352941 0.18673218673218672
4 0.2622549019607843 0.7027027027027027 0.1503267973856209 0.1891891891891892
4 0.18627450980392157 0.687960687960688 0.08986928104575163 0.1597051597051597
4 0.1527777777777778 0.7027027027027027 0.08006535947712418 0.13513513513513514
4 0.06372549019607843 0.7088452088452089 0.12745098039215685 0.14496314496314497
4 0.119281045751634 0.5933660933660934 0.21241830065359477 0.29975429975429974
4 0.07026143790849673 0.5331695331695332 0.12908496732026145 0.19164619164619165
4 0.1568627450980392 0.4606879606879607 0.08006535947712418 0.12776412776412777
4 0.24428104575163398 0.4262899262899263 0.13071895424836602 0.20147420147420148
4 0.32189542483660133 0.5 0.09967320261437909 0.16461916461916462
4 0.37173202614379086 0.36117936117936117 0.12745098039215685 0.21375921375921375
4 0.47467320261437906 0.3968058968058968 0.12091503267973856 0.17444717444717445
4 0.4542483660130719 0.5307125307125307 0.16339869281045752 0.4742014742014742
4 0.042483660130718956 0.4250614250614251 0.08496732026143791 0.13267813267813267
5 0.5122549019607843 0.5417690417690417 0.8676470588235294 0.9164619164619164