5 0.5 0.5151898734177215 1 0.9696202531645569
4 0.8946078431372549 0.4430379746835443 0.20261437908496732 0.31139240506329113
4 0.9158496732026143 0.2240506329113924 0.10457516339869281 0.11645569620253164
4 0.7320261437908496 0.22151898734177214 0.1503267973856209 0.21772151898734177
4 0.5645424836601307 0.3810126582278481 0.19281045751633988 0.3721518987341772
4 0.23774509803921567 0.6379746835443038 0.2369281045751634 0.529113924050633
4 0.28022875816993464 0.8658227848101265 0.16339869281045752 0.24556962025316456
4 0.0915032679738562 0.649367088607595 0.1830065359477124 0.6455696202531646
4 0.1977124183006536 0.2468354430379747 0.13071895424836602 0.11392405063291139
4 0.3341503267973856 0.20126582278481012 0.09967320261437909 0.11645569620253164
4 0.4583333333333333 0.1848101265822785 0.08660130718954248 0.1468354430379747