5 0.6053921568627451 0.45955882352941174 0.6977124183006536 0.9191176470588235
4 0.8202614379084967 0.5306372549019608 0.29901960784313725 0.46568627450980393
4 0.6446078431372549 0.6752450980392157 0.3758169934640523 0.34558823529411764
4 0.4599673202614379 0.5870098039215687 0.19444444444444445 0.2867647058823529
4 0.45179738562091504 0.42401960784313725 0.11274509803921569 0.14950980392156862
4 0.2434640522875817 0.6727941176470589 0.1111111111111111 0.16666666666666666
4 0.35866013071895425 0.6225490196078431 0.06862745098039216 0.2181372549019608
4 0.36519607843137253 0.7634803921568627 0.058823529411764705 0.0661764705882353
4 0.5334967320261438 0.8958333333333334 0.05065359477124183 0.06372549019607843
4 0.6102941176470589 0.12867647058823528 0.1830065359477124 0.18627450980392157
4 0.6919934640522876 0.12745098039215685 0.09803921568627451 0.08823529411764706
4 0.7271241830065359 0.23161764705882354 0.1454248366013072 0.30637254901960786