4 0.24088541666666666 0.6423611111111112 0.21484375 0.1388888888888889
4 0.06575520833333333 0.9537037037037037 0.09765625 0.09259259259259259
4 0.3645833333333333 0.8032407407407407 0.11979166666666667 0.13657407407407407
4 0.40234375 0.7210648148148148 0.09244791666666667 0.11805555555555555
4 0.6067708333333334 0.6539351851851852 0.14322916666666666 0.19212962962962962
4 0.5735677083333334 0.6840277777777778 0.05078125 0.09259259259259259
4 0.564453125 0.7442129629629629 0.08463541666666667 0.11574074074074074
4 0.5260416666666666 0.6458333333333334 0.05078125 0.11574074074074074
4 0.5182291666666666 0.5833333333333334 0.04296875 0.09259259259259259
4 0.6256510416666666 0.5046296296296297 0.10677083333333333 0.16435185185185186
4 0.6295572916666666 0.5671296296296297 0.15885416666666666 0.1574074074074074
4 0.7454427083333334 0.6354166666666666 0.15494791666666666 0.09722222222222222
4 0.6158854166666666 0.4375 0.07421875 0.0763888888888889
4 0.5846354166666666 0.38310185185185186 0.057291666666666664 0.10416666666666667
4 0.6985677083333334 0.2013888888888889 0.0625 0.08101851851851852