5 0.6241830065359477 0.4742647058823529 0.22549019607843138 0.46568627450980393
5 0.380718954248366 0.4987745098039216 0.3872549019607843 0.6029411764705882
4 0.5196078431372549 0.8688725490196079 0.08986928104575163 0.25245098039215685
4 0.7156862745098039 0.6066176470588235 0.10620915032679738 0.15441176470588236
4 0.6070261437908496 0.6188725490196079 0.12745098039215685 0.13480392156862744
4 0.6397058823529411 0.33088235294117646 0.12908496732026145 0.19362745098039216
4 0.48366013071895425 0.32107843137254904 0.10784313725490197 0.22058823529411764
4 0.44362745098039214 0.2696078431372549 0.09313725490196079 0.10049019607843138
4 0.43300653594771243 0.3541666666666667 0.12745098039215685 0.1323529411764706
4 0.3709150326797386 0.2622549019607843 0.08006535947712418 0.17892156862745098
4 0.5008169934640523 0.7463235294117647 0.11601307189542484 0.12990196078431374
4 0.315359477124183 0.8235294117647058 0.5424836601307189 0.35294117647058826
4 0.434640522875817 0.8860294117647058 0.09477124183006536 0.17892156862745098
4 0.3758169934640523 0.9007352941176471 0.10457516339869281 0.19852941176470587
4 0.2973856209150327 0.8933823529411765 0.09313725490196079 0.1568627450980392
4 0.22058823529411764 0.8848039215686274 0.1437908496732026 0.23039215686274508
4 0.23039215686274508 0.75 0.1111111111111111 0.19852941176470587
4 0.11519607843137254 0.8419117647058824 0.14215686274509803 0.3161764705882353
4 0.3292483660130719 0.7659313725490197 0.15196078431372548 0.22794117647058823
4 0.40032679738562094 0.7561274509803921 0.2107843137254902 0.24509803921568626