4 0.4795751633986928 0.5392156862745098 0.13725490196078433 0.2034313725490196
4 0.3292483660130719 0.5306372549019608 0.14215686274509803 0.20833333333333334
4 0.3700980392156863 0.36887254901960786 0.1503267973856209 0.22303921568627452
4 0.28513071895424835 0.3272058823529412 0.10784313725490197 0.18137254901960784
4 0.2034313725490196 0.40318627450980393 0.09967320261437909 0.1323529411764706
4 0.0988562091503268 0.3480392156862745 0.19607843137254902 0.22794117647058823
4 0.5776143790849673 0.2512254901960784 0.2107843137254902 0.2426470588235294
4 0.6887254901960784 0.3174019607843137 0.09477124183006536 0.051470588235294115
4 0.6952614379084967 0.36519607843137253 0.08333333333333333 0.07107843137254902
4 0.8284313725490197 0.4534313725490196 0.0457516339869281 0.058823529411764705
4 0.8480392156862745 0.5147058823529411 0.13071895424836602 0.08088235294117647
4 0.9362745098039216 0.2426470588235294 0.12745098039215685 0.25
4 0.7589869281045751 0.12622549019607843 0.17973856209150327 0.11764705882352941
4 0.3562091503267974 0.15931372549019607 0.1111111111111111 0.0661764705882353
4 0.0988562091503268 0.7279411764705882 0.05392156862745098 0.041666666666666664
4 0.7410130718954249 0.6727941176470589 0.05065359477124183 0.14215686274509803