4 0.8357843137254902 0.6299019607843137 0.1568627450980392 0.16911764705882354
4 0.8186274509803921 0.7218137254901961 0.05392156862745098 0.09313725490196079
4 0.7516339869281046 0.6727941176470589 0.042483660130718956 0.05392156862745098
4 0.7099673202614379 0.6053921568627451 0.06862745098039216 0.08088235294117647
4 0.6119281045751634 0.5490196078431373 0.09640522875816994 0.09068627450980392
4 0.5294117647058824 0.5098039215686274 0.05555555555555555 0.05392156862745098
4 0.30800653594771243 0.5196078431372549 0.07352941176470588 0.09803921568627451
4 0.23937908496732027 0.4730392156862745 0.08169934640522876 0.0784313725490196
4 0.31209150326797386 0.5992647058823529 0.06209150326797386 0.08823529411764706
4 0.3929738562091503 0.6433823529411765 0.10130718954248366 0.07598039215686274
4 0.4714052287581699 0.6519607843137255 0.07026143790849673 0.0857843137254902
4 0.5089869281045751 0.6127450980392157 0.10294117647058823 0.07598039215686274
4 0.5866013071895425 0.6642156862745098 0.12581699346405228 0.1053921568627451
4 0.5923202614379085 0.7463235294117647 0.05718954248366013 0.09558823529411764
4 0.5269607843137255 0.7254901960784313 0.05392156862745098 0.11764705882352941
4 0.678921568627451 0.8688725490196079 0.14052287581699346 0.061274509803921566
4 0.5065359477124183 0.7965686274509803 0.06209150326797386 0.0784313725490196
4 0.5343137254901961 0.7389705882352942 0.07026143790849673 0.11519607843137254
4 0.46078431372549017 0.7279411764705882 0.06862745098039216 0.11764705882352941
4 0.3888888888888889 0.7622549019607843 0.18790849673202614 0.15931372549019607
4 0.2883986928104575 0.7120098039215687 0.05718954248366013 0.125
4 0.17565359477124182 0.7316176470588235 0.21241830065359477 0.31862745098039214
4 0.4444444444444444 0.1482843137254902 0.16339869281045752 0.18137254901960784
5 0.4591503267973856 0.4889705882352941 0.6535947712418301 0.7990196078431373