4 0.44014705882352945 0.4942340425531915 0.027908496732026212 0.061170212765957445
4 0.40576797385620916 0.5944255319148936 0.04357843137254905 0.08599999999999991
4 0.36287581699346405 0.6617872340425532 0.04084967320261438 0.07712765957446809
4 0.4564869281045752 0.5939787234042554 0.044248366013071964 0.06738297872340417
4 0.4663725490196079 0.6484893617021277 0.051748366013071825 0.061170212765957445
4 0.5194771241830065 0.6409574468085106 0.051748366013071825 0.10638297872340426
4 0.5718954248366013 0.6294255319148936 0.06535947712418301 0.0780212765957446
4 0.6498529411764705 0.6254468085106383 0.05106209150326797 0.07357446808510647
4 0.7230392156862745 0.6493829787234042 0.04084967320261438 0.06293617021276604
4 0.5044934640522876 0.10151063829787234 0.13207516339869288 0.10727659574468086
5 0.5409150326797386 0.3692340425531915 0.5235620915032679 0.7030212765957448