4 0.440359477124183 0.48829787234042554 0.03104575163398693 0.06382978723404255
4 0.4011437908496732 0.5851063829787234 0.04738562091503268 0.08936170212765958
4 0.3545751633986928 0.648936170212766 0.04411764705882353 0.08085106382978724
4 0.45179738562091504 0.5893617021276596 0.04738562091503268 0.07021276595744681
4 0.4583333333333333 0.6446808510638298 0.05555555555555555 0.06595744680851064
4 0.5122549019607843 0.6425531914893617 0.05718954248366013 0.11063829787234042
4 0.5645424836601307 0.6361702127659574 0.06862745098039216 0.08297872340425531
4 0.6429738562091504 0.6382978723404256 0.05555555555555555 0.07872340425531915
4 0.7148692810457516 0.6691489361702128 0.04411764705882353 0.06595744680851064
4 0.5261437908496732 0.10319148936170212 0.13725490196078433 0.11914893617021277
5 0.548202614379085 0.37340425531914895 0.5604575163398693 0.7468085106382979