4 0.8063725490196079 0.6997549019607843 0.10130718954248366 0.13480392156862744
4 0.6944444444444444 0.7242647058823529 0.16013071895424835 0.23774509803921567
4 0.6511437908496732 0.6397058823529411 0.119281045751634 0.14215686274509803
4 0.548202614379085 0.571078431372549 0.16993464052287582 0.11519607843137254
4 0.565359477124183 0.6678921568627451 0.14215686274509803 0.2181372549019608
4 0.6879084967320261 0.8651960784313726 0.10457516339869281 0.1053921568627451
4 0.886437908496732 0.7818627450980392 0.032679738562091505 0.061274509803921566
4 0.9550653594771242 0.8602941176470589 0.032679738562091505 0.05392156862745098
4 0.9501633986928104 0.9240196078431373 0.06535947712418301 0.06862745098039216
4 0.9673202614379085 0.741421568627451 0.05555555555555555 0.049019607843137254
4 0.7924836601307189 0.9791666666666666 0.06535947712418301 0.041666666666666664
4 0.6519607843137255 0.9325980392156863 0.04084967320261438 0.031862745098039214
4 0.6200980392156863 0.9522058823529411 0.04084967320261438 0.0392156862745098
4 0.6200980392156863 0.8786764705882353 0.06372549019607843 0.061274509803921566
4 0.5841503267973857 0.7916666666666666 0.07352941176470588 0.1053921568627451
4 0.5236928104575164 0.7879901960784313 0.05065359477124183 0.09803921568627451
4 0.46486928104575165 0.8382352941176471 0.0718954248366013 0.09558823529411764
4 0.4215686274509804 0.7818627450980392 0.12745098039215685 0.0784313725490196
4 0.4166666666666667 0.7120098039215687 0.15196078431372548 0.10049019607843138
4 0.4207516339869281 0.6017156862745098 0.1388888888888889 0.14705882352941177
4 0.19362745098039216 0.6323529411764706 0.3872549019607843 0.37254901960784315
4 0.2777777777777778 0.8186274509803921 0.07352941176470588 0.061274509803921566
4 0.22712418300653595 0.8308823529411765 0.05228758169934641 0.06862745098039216
4 0.25163398692810457 0.8762254901960784 0.0718954248366013 0.058823529411764705
4 0.1503267973856209 0.8774509803921569 0.08823529411764706 0.07352941176470588
4 0.2916666666666667 0.9583333333333334 0.11601307189542484 0.0661764705882353