4 0.6078431372549019 0.47058823529411764 0.16666666666666666 0.11764705882352941
4 0.6282679738562091 0.5740740740740741 0.22875816993464052 0.14814814814814814
4 0.6952614379084967 0.7483660130718954 0.1715686274509804 0.19389978213507625
4 0.8325163398692811 0.8616557734204793 0.06209150326797386 0.07407407407407407
4 0.44362745098039214 0.7450980392156863 0.39869281045751637 0.28104575163398693
4 0.27369281045751637 0.8518518518518519 0.029411764705882353 0.0457516339869281
4 0.28022875816993464 0.8954248366013072 0.05392156862745098 0.04357298474945534
4 0.5024509803921569 0.8681917211328976 0.03104575163398693 0.04139433551198257
4 0.5522875816993464 0.9030501089324618 0.042483660130718956 0.05010893246187364
4 0.4991830065359477 0.9313725490196079 0.04411764705882353 0.04139433551198257
4 0.11274509803921569 0.7113289760348583 0.09803921568627451 0.10457516339869281
4 0.22630718954248366 0.7124183006535948 0.09313725490196079 0.1111111111111111
4 0.3758169934640523 0.5620915032679739 0.10947712418300654 0.11328976034858387
4 0.2581699346405229 0.6056644880174292 0.1437908496732026 0.11982570806100218
4 0.14133986928104575 0.6111111111111112 0.10947712418300654 0.08061002178649238
4 0.02287581699346405 0.5544662309368191 0.0457516339869281 0.0718954248366013