4 0.16158496732026145 0.6127450980392157 0.15250000000000002 0.16159313725490204
4 0.1761111111111111 0.7048774509803921 0.05204248366013071 0.09169117647058815
4 0.2441830065359477 0.6599509803921568 0.04053921568627451 0.052647058823529456
4 0.28807189542483663 0.5945833333333332 0.06656862745098041 0.07806372549019606
4 0.3873202614379085 0.54375 0.0944117647058824 0.0853186274509804
4 0.4705228758169934 0.5078921568627451 0.05385620915032686 0.05174019607843141
4 0.6911111111111111 0.5296813725490196 0.07140522875817001 0.09531862745098035
4 0.7610130718954249 0.4865686274509804 0.08049019607843136 0.07443627450980393
4 0.685359477124183 0.6086519607843137 0.05991830065359471 0.08441176470588235
4 0.6039705882352941 0.6495098039215687 0.10045751633986931 0.07171568627450978
4 0.5246895424836602 0.6531372549019608 0.06898692810457521 0.08259803921568631
4 0.48867647058823527 0.6118382352941176 0.10106209150326802 0.07080882352941173
4 0.41001633986928104 0.6599509803921568 0.12285947712418295 0.09803921568627451
4 0.4018464052287582 0.7412009803921569 0.05446078431372551 0.09350490196078426
4 0.4678104575163399 0.7235049019607843 0.052042483660130756 0.11620098039215679
4 0.31258169934640523 0.8596568627450981 0.13857843137254902 0.05446078431372556
4 0.48656862745098034 0.7961029411764706 0.06052287581699341 0.07443627450980393
4 0.4602450980392157 0.737107843137255 0.0671732026143791 0.11257352941176459
4 0.5337745098039216 0.7293872549019608 0.06535947712418301 0.11529411764705873
4 0.6048856209150327 0.7684313725490196 0.18457516339869287 0.1497794117647059
4 0.7065522875816994 0.7235049019607843 0.05385620915032686 0.12164215686274508
4 0.8188071895424837 0.748014705882353 0.20455882352941185 0.3086519607843137
4 0.5634150326797386 0.15159313725490198 0.1597712418300653 0.1742892156862745
5 0.5413398692810458 0.49066176470588235 0.636045751633987 0.7670588235294116