4 0.6486928104575164 0.7904411764705882 0.11437908496732026 0.17647058823529413
4 0.8431372549019608 0.8615196078431373 0.05065359477124183 0.061274509803921566
4 0.9444444444444444 0.9093137254901961 0.02287581699346405 0.029411764705882353
4 0.8790849673202614 0.9362745098039216 0.04411764705882353 0.031862745098039214
4 0.701797385620915 0.9607843137254902 0.08660130718954248 0.0784313725490196
4 0.4493464052287582 0.9191176470588235 0.17647058823529413 0.15441176470588236
4 0.5473856209150327 0.8382352941176471 0.08169934640522876 0.125
4 0.4665032679738562 0.75 0.12418300653594772 0.21568627450980393
4 0.32516339869281047 0.696078431372549 0.13071895424836602 0.23774509803921567
4 0.20179738562091504 0.7855392156862745 0.1111111111111111 0.06862745098039216
4 0.14133986928104575 0.5404411764705882 0.07516339869281045 0.09313725490196079
4 0.14624183006535948 0.6102941176470589 0.032679738562091505 0.04656862745098039
4 0.08006535947712418 0.5379901960784313 0.042483660130718956 0.06372549019607843
4 0.2369281045751634 0.3799019607843137 0.1781045751633987 0.12254901960784313
4 0.28022875816993464 0.28921568627450983 0.25326797385620914 0.18137254901960784
4 0.4526143790849673 0.28308823529411764 0.20261437908496732 0.14705882352941177
4 0.4272875816993464 0.37745098039215685 0.22058823529411764 0.19362745098039216
5 0.6070261437908496 0.4742647058823529 0.2173202614379085 0.6544117647058824
4 0.5882352941176471 0.3860294117647059 0.19607843137254902 0.22058823529411764
4 0.6642156862745098 0.38235294117647056 0.15849673202614378 0.24019607843137256
4 0.7320261437908496 0.4068627450980392 0.10784313725490197 0.2034313725490196
4 0.8186274509803921 0.41299019607843135 0.1454248366013072 0.17892156862745098
5 0.7851307189542484 0.5784313725490197 0.25980392156862747 0.6519607843137255
5 0.4256535947712418 0.47671568627450983 0.2696078431372549 0.6225490196078431
5 0.2426470588235294 0.508578431372549 0.25980392156862747 0.6642156862745098