4 0.8398692810457516 0.3799019607843137 0.24509803921568626 0.28431372549019607
4 0.6977124183006536 0.44485294117647056 0.1454248366013072 0.16666666666666666
4 0.6781045751633987 0.32230392156862747 0.15196078431372548 0.22794117647058823
4 0.5857843137254902 0.33578431372549017 0.1111111111111111 0.1642156862745098
4 0.6266339869281046 0.16053921568627452 0.17973856209150327 0.20588235294117646
4 0.5972222222222222 0.2340686274509804 0.0915032679738562 0.14460784313725492
4 0.5326797385620915 0.3112745098039216 0.08006535947712418 0.14950980392156862
4 0.5065359477124183 0.21568627450980393 0.1568627450980392 0.18382352941176472
4 0.3815359477124183 0.09681372549019608 0.07516339869281045 0.11029411764705882
4 0.3831699346405229 0.1568627450980392 0.0718954248366013 0.0784313725490196
4 0.35130718954248363 0.19117647058823528 0.0915032679738562 0.08088235294117647
4 0.2973856209150327 0.13725490196078433 0.08169934640522876 0.09068627450980392
4 0.272875816993464 0.33088235294117646 0.11437908496732026 0.13970588235294118
4 0.25735294117647056 0.09313725490196079 0.058823529411764705 0.07598039215686274
4 0.10375816993464053 0.09681372549019608 0.11601307189542484 0.07352941176470588
4 0.09640522875816994 0.14338235294117646 0.1111111111111111 0.049019607843137254
4 0.08496732026143791 0.20098039215686275 0.15196078431372548 0.17401960784313725
5 0.06862745098039216 0.38112745098039214 0.12745098039215685 0.20098039215686275
5 0.7818627450980392 0.5943627450980392 0.37745098039215685 0.8112745098039216
5 0.6127450980392157 0.4522058823529412 0.21895424836601307 0.7696078431372549
5 0.5375816993464052 0.42401960784313725 0.13398692810457516 0.6838235294117647
5 0.4722222222222222 0.4117647058823529 0.119281045751634 0.5612745098039216
5 0.36764705882352944 0.20833333333333334 0.12254901960784313 0.35784313725490197
5 0.2965686274509804 0.2193627450980392 0.12418300653594772 0.3333333333333333
5 0.2549019607843137 0.17279411764705882 0.08333333333333333 0.2769607843137255
5 0.08741830065359477 0.2181372549019608 0.16993464052287582 0.38480392156862747
5 0.09477124183006536 0.5980392156862745 0.1895424836601307 0.7450980392156863