5 0.24836601307189543 0.4898989898989899 0.18137254901960784 0.494949494949495
4 0.1527777777777778 0.7550505050505051 0.184640522875817 0.1414141414141414
4 0.058823529411764705 0.7929292929292929 0.08823529411764706 0.09090909090909091
4 0.18218954248366012 0.8661616161616161 0.12091503267973856 0.12121212121212122
4 0.190359477124183 0.9419191919191919 0.18137254901960784 0.11616161616161616
4 0.26552287581699346 0.8257575757575758 0.10620915032679738 0.07575757575757576
4 0.4084967320261438 0.7752525252525253 0.20098039215686275 0.08080808080808081
4 0.4068627450980392 0.7146464646464646 0.14869281045751634 0.09090909090909091
4 0.3684640522875817 0.6578282828282829 0.12254901960784313 0.1717171717171717
4 0.41911764705882354 0.571969696969697 0.13398692810457516 0.10353535353535354
4 0.6029411764705882 0.6287878787878788 0.19607843137254902 0.15151515151515152
4 0.6519607843137255 0.6792929292929293 0.13398692810457516 0.06565656565656566
4 0.7728758169934641 0.5909090909090909 0.12254901960784313 0.09090909090909091
4 0.7156862745098039 0.47853535353535354 0.17483660130718953 0.15151515151515152
4 0.476681433006536 0.6096186388888889 0.47596937581699345 0.5970404217171718 0.4620927549019608 0.5837072853535353 0.41362567156862745 0.6257490883838384 0.41724719934640525 0.6607480025252525 0.4386930196078431 0.6629181161616162 0.4414600800653595 0.6828231691919191 0.4919209232026144 0.6760003712121212 0.500833068627451 0.6595859722222223 0.5249647826797386 0.6512533308080808 0.5087483366013071 0.6255620681818181 0.476681433006536 0.6096186388888889
4 0.23937908496732027 0.3787878787878788 0.09640522875816994 0.08080808080808081
4 0.4616013071895425 0.4356060606060606 0.05392156862745098 0.07828282828282829