5 0.5253385416666666 0.33520833333333333 0.45171874999999995 0.5439814814814815
4 0.3212630208333333 0.5119212962962963 0.14773437499999997 0.10861111111111114
4 0.37158854166666666 0.4509490740740741 0.052083333333333336 0.08814814814814811
4 0.5911979166666667 0.4869907407407407 0.051588541666666675 0.05874999999999999
4 0.631015625 0.5537731481481482 0.15925781249999993 0.09615740740740746
4 0.700625 0.503912037037037 0.031054687499999883 0.05874999999999999
4 0.6926041666666666 0.5551157407407408 0.02303385416666674 0.059652777777777735
4 0.7249088541666667 0.5359722222222222 0.02253906249999993 0.05699074074074075
4 0.7587109375000001 0.5426388888888889 0.02002604166666681 0.04363425925925931
4 0.7396875 0.6205555555555555 0.09615885416666654 0.07300925925925925
4 0.361328125 0.6383564814814814 0.03955729166666666 0.051643518518518394
4 0.25740885416666665 0.6730787037037037 0.09114583333333333 0.0712268518518518
4 0.070859375 0.7572222222222222 0.05058593749999999 0.0738888888888888