4 0.2118300653594771 0.6625061425061425 0.42016339869281044 0.6159950859950861
4 0.10970588235294118 0.8639066339066339 0.11437908496732026 0.17813267813267813
4 0.1032843137254902 0.497985257985258 0.1155392156862745 0.1272481572481573
4 0.17272875816993466 0.5374692874692875 0.1202124183006536 0.10968058968058965
4 0.2310947712418301 0.48262899262899267 0.1400490196078431 0.14039312039312035
4 0.30957516339869284 0.4334889434889435 0.11029411764705882 0.10882063882063887
4 0.31133986928104573 0.5940786240786241 0.1464705882352941 0.23867321867321872
4 0.33147058823529413 0.7555282555282555 0.10854575163398694 0.14390663390663402
4 0.41725490196078435 0.8538083538083538 0.16455882352941179 0.14567567567567558
4 0.22204248366013069 0.7458722358722358 0.10212418300653595 0.24744471744471747
4 0.1587254901960784 0.7998525798525798 0.15522875816993462 0.20270270270270271
4 0.05485294117647059 0.755970515970516 0.10970588235294118 0.17813267813267813
4 0.11875816993464053 0.6467076167076167 0.13947712418300656 0.20181818181818179
4 0.06565359477124183 0.5729975429975431 0.13130718954248366 0.1772481572481573
4 0.20949346405228758 0.5931941031941033 0.17506535947712415 0.10353808353808351
4 0.6036928104575163 0.5387960687960689 0.11029411764705882 0.21410319410319414
4 0.6573856209150327 0.6563636363636364 0.1791503267973856 0.15093366093366087
4 0.760686274509804 0.6217199017199017 0.10096405228758164 0.16584766584766578
4 0.7134150326797386 0.755970515970516 0.13596405228758177 0.1588206388206388
4 0.7898529411764705 0.75992628992629 0.07527777777777786 0.14390663390663402
4 0.8216666666666667 0.7822850122850122 0.06769607843137256 0.1202211302211301
4 0.9147385620915034 0.8103685503685504 0.12897058823529423 0.1167076167076167
4 0.8663071895424835 0.6818181818181818 0.18849673202614373 0.257985257985258
4 0.9211601307189542 0.6335626535626536 0.11263071895424848 0.16673218673218676
4 0.8429575163398693 0.5422850122850124 0.06944444444444445 0.11230958230958225
4 0.7600980392156863 0.4874447174447174 0.11379084967320259 0.17638820638820643
4 0.6757679738562091 0.5422850122850124 0.08519607843137253 0.14567567567567571
4 0.6410457516339869 0.3931203931203931 0.10913398692810451 0.1895331695331695
4 0.5360130718954249 0.40366093366093364 0.10679738562091505 0.15093366093366095
4 0.5418464052287582 0.540982800982801 0.1184640522875817 0.45191646191646184
4 0.9616013071895425 0.5343980343980343 0.07679738562091504 0.11547911547911548
5 0.48057189542483664 0.5611547911547912 0.7954084967320261 0.7836117936117938