4 0.3816013071895425 0.30910675381263614 0.056503267973856186 0.1116557734204793
4 0.40815359477124175 0.351764705882353 0.06331699346405224 0.09531590413943355
4 0.45070261437908493 0.3644662309368192 0.04357843137254895 0.09167755991285399
4 0.4830392156862745 0.3671895424836601 0.05514705882352941 0.08623093681917209
4 0.5300163398692811 0.37128540305010893 0.03880718954248366 0.11618736383442263
4 0.5759803921568627 0.36673202614379086 0.04357843137254895 0.09803921568627451
4 0.624313725490196 0.35901960784313725 0.058545751633986995 0.10620915032679738
4 0.6617647058823529 0.3204357298474946 0.03812091503267981 0.10529411764705879
4 0.6270424836601307 0.28413943355119825 0.049019607843137254 0.08533769063180831
4 0.6583660130718955 0.2537254901960784 0.058545751633986995 0.07352941176470586
4 0.6018464052287581 0.20152505446623092 0.05037581699346412 0.06172113289760345
4 0.6331699346405228 0.2042483660130719 0.05583333333333327 0.08714596949891068
4 0.5620261437908496 0.19516339869281046 0.06467320261437916 0.056274509803921596
4 0.559640522875817 0.2655119825708061 0.06671568627450987 0.14252723311546844
4 0.5912908496732027 0.22468409586056645 0.08238562091503261 0.09531590413943355
4 0.5143627450980393 0.26507625272331153 0.06604575163398686 0.11257080610021784
4 0.29513071895424836 0.6844662309368192 0.17769607843137256 0.2160566448801742
4 0.2777777777777778 0.8156209150326797 0.22602941176470595 0.19516339869281055
4 0.3227124183006536 0.8982352941176471 0.06535947712418301 0.08261437908496723
4 0.36900326797385624 0.8628322440087146 0.04493464052287582 0.06627450980392148
4 0.3867156862745098 0.910958605664488 0.0789705882352941 0.0862309368191722
4 0.33156862745098037 0.9706753812636166 0.07625816993464055 0.0586492374727668
4 0.6450816993464052 0.9289106753812636 0.06331699346405228 0.14215686274509803
4 0.8673692810457517 0.9733986928104575 0.11437908496732026 0.05320261437908488
4 0.9731699346405229 0.9379956427015251 0.053643790849673086 0.1240087145969498
4 0.0640032679738562 0.7629847494553377 0.06808823529411764 0.05718954248366013
4 0.02246732026143791 0.7198692810457517 0.04493464052287582 0.08169934640522876
4 0.12356209150326798 0.5432897603485839 0.029281045751634014 0.04448801742919387
4 0.18246732026143792 0.5165141612200436 0.06671568627450983 0.05082788671023962
4 0.29343137254901963 0.576884531590414 0.03676470588235294 0.06989106753812639
4 0.3465359477124183 0.5210675381263616 0.03949346405228761 0.04357298474945534
5 0.5072222222222222 0.5753376906318083 0.7788725490196078 0.8493028322440088