4 0.9166666666666666 0.2900326797385621 0.16666666666666666 0.3415032679738562
4 0.7855392156862745 0.28104575163398693 0.1568627450980392 0.23366013071895425
4 0.6519607843137255 0.27369281045751637 0.16176470588235295 0.1977124183006536
4 0.40318627450980393 0.2222222222222222 0.4019607843137255 0.16176470588235295
4 0.17647058823529413 0.23529411764705882 0.2647058823529412 0.17483660130718953
4 0.1948529411764706 0.3545751633986928 0.3553921568627451 0.19117647058823528
4 0.13725490196078433 0.4616013071895425 0.17401960784313725 0.15522875816993464
4 0.4387254901960784 0.5236928104575164 0.20588235294117646 0.16176470588235295
4 0.5686274509803921 0.47794117647058826 0.3480392156862745 0.25163398692810457
4 0.7598039215686274 0.5122549019607843 0.22794117647058823 0.16176470588235295
4 0.8921568627450981 0.5612745098039216 0.21568627450980393 0.15196078431372548
4 0.7267156862745098 0.6013071895424836 0.1715686274509804 0.10457516339869281
4 0.5 0.3741830065359477 1 0.6111111111111112
5 0.5 0.5245098039215687 1 0.9509803921568627