4 0.23587239583333333 0.6098611111111111 0.21134114583333333 0.11395833333333337
4 0.047578125 0.9272685185185184 0.0921484375 0.13976851851851851
4 0.3528125 0.7861574074074075 0.11468750000000001 0.12287037037037046
4 0.3936328125 0.7082407407407407 0.08813802083333326 0.1077314814814814
4 0.6004557291666667 0.6668518518518518 0.13721354166666658 0.17449074074074072
4 0.5659114583333333 0.6926620370370371 0.04707031249999997 0.0872453703703705
4 0.5548828124999999 0.7514351851851852 0.08013020833333329 0.10504629629629629
4 0.5200781250000001 0.6481481481481481 0.04657552083333331 0.11039351851851864
4 0.5148177083333333 0.5858333333333333 0.04006510416666664 0.08724537037037036
4 0.6252473958333333 0.5199537037037038 0.10166666666666672 0.15134259259259258
4 0.6267578125000001 0.5827083333333333 0.15374999999999997 0.1380092592592592
4 0.7394270833333333 0.6650694444444445 0.15174479166666663 0.07835648148148154
4 0.6177343750000001 0.4522685185185185 0.07161458333333333 0.06766203703703708
4 0.5889453125 0.39439814814814816 0.05308593749999998 0.09793981481481483
4 0.7098828125000001 0.22703703703703704 0.05959635416666664 0.07300925925925925