5 0.3758169934640523 0.47671568627450983 0.22058823529411764 0.46078431372549017
5 0.6184640522875817 0.4950980392156863 0.380718954248366 0.5931372549019608
4 0.48447712418300654 0.8700980392156863 0.08660130718954248 0.25
4 0.28513071895424835 0.6127450980392157 0.10457516339869281 0.15196078431372548
4 0.3946078431372549 0.6225490196078431 0.12581699346405228 0.1323529411764706
4 0.35866013071895425 0.33455882352941174 0.12745098039215685 0.18872549019607843
4 0.5138888888888888 0.32107843137254904 0.10457516339869281 0.21568627450980393
4 0.553921568627451 0.26838235294117646 0.0915032679738562 0.09803921568627451
4 0.565359477124183 0.35171568627450983 0.12745098039215685 0.12990196078431374
4 0.6266339869281046 0.25857843137254904 0.0784313725490196 0.17647058823529413
4 0.5016339869281046 0.7463235294117647 0.11437908496732026 0.12745098039215685
4 0.6870915032679739 0.8247549019607843 0.5375816993464052 0.35049019607843135
4 0.5694444444444444 0.8848039215686274 0.09313725490196079 0.17647058823529413
4 0.6282679738562091 0.8995098039215687 0.10294117647058823 0.20098039215686275
4 0.7066993464052288 0.8884803921568627 0.0915032679738562 0.15441176470588236
4 0.7834967320261438 0.8823529411764706 0.14215686274509803 0.23529411764705882
4 0.7720588235294118 0.7438725490196079 0.10784313725490197 0.19607843137254902
4 0.8888888888888888 0.8345588235294118 0.1388888888888889 0.3161764705882353
4 0.6740196078431373 0.7622549019607843 0.1503267973856209 0.22549019607843138
4 0.6029411764705882 0.7524509803921569 0.20751633986928106 0.23774509803921567