4 0.026041666666666668 0.5466435185185186 0.045078125000000004 0.11752314814814817
4 0.1006640625 0.5421990740740741 0.12220052083333333 0.09259259259259259
4 0.1933072916666667 0.5951851851851852 0.27544270833333334 0.13800925925925928
4 0.18079427083333333 0.2021064814814815 0.06309895833333333 0.09615740740740739
4 0.14173177083333333 0.22347222222222224 0.03705729166666668 0.07122685185185187
4 0.46975260416666664 0.13666666666666666 0.06410156250000003 0.0810185185185185
4 0.5801822916666667 0.12152777777777778 0.04657552083333331 0.05787037037037037
4 0.3971354166666667 0.5978472222222222 0.12519531249999996 0.13976851851851851
4 0.5083072916666667 0.6512731481481482 0.29346354166666666 0.3000462962962963
4 0.6795833333333333 0.7803703703703704 0.13020833333333334 0.07032407407407407
4 0.7554557291666667 0.8449074074074074 0.07462239583333326 0.08368055555555551
4 0.83734375 0.840462962962963 0.0681119791666666 0.1460185185185186
4 0.7612630208333333 0.6058564814814815 0.4748567708333334 0.5083796296296297
5 0.379609375 0.36546296296296293 0.75921875 0.6899999999999998