4 0.8202614379084967 0.7377450980392157 0.1437908496732026 0.2426470588235294
4 0.45016339869281047 0.7156862745098039 0.565359477124183 0.39950980392156865
4 0.40522875816993464 0.7769607843137255 0.1977124183006536 0.22058823529411764
4 0.33169934640522875 0.6446078431372549 0.10294117647058823 0.25245098039215685
4 0.23039215686274508 0.6911764705882353 0.08823529411764706 0.23529411764705882
4 0.43218954248366015 0.5906862745098039 0.11437908496732026 0.2769607843137255
4 0.5808823529411765 0.4571078431372549 0.10784313725490197 0.13725490196078433
4 0.7181372549019608 0.45465686274509803 0.0784313725490196 0.09558823529411764
4 0.821078431372549 0.4644607843137255 0.08169934640522876 0.10784313725490197
4 0.7638888888888888 0.45588235294117646 0.06045751633986928 0.125
4 0.8570261437908496 0.4742647058823529 0.08660130718954248 0.10294117647058823
4 0.6544117647058824 0.4227941176470588 0.08986928104575163 0.1323529411764706
5 0.8194444444444444 0.6421568627450981 0.21241830065359477 0.5098039215686274
5 0.6977124183006536 0.6115196078431373 0.2042483660130719 0.6176470588235294
5 0.5645424836601307 0.5894607843137255 0.18627450980392157 0.6200980392156863