4 0.494281045751634 0.2181372549019608 0.31862745098039214 0.12745098039215685
4 0.4991830065359477 0.6470588235294118 0.9983660130718954 0.38235294117647056
4 0.5008169934640523 0.6666666666666666 0.12091503267973856 0.10294117647058823
4 0.6356209150326797 0.6691176470588235 0.08823529411764706 0.23529411764705882
4 0.7483660130718954 0.6703431372549019 0.08169934640522876 0.25245098039215685
4 0.744281045751634 0.7438725490196079 0.1388888888888889 0.1568627450980392
4 0.8586601307189542 0.6629901960784313 0.07679738562091504 0.08088235294117647
4 0.9501633986928104 0.6372549019607843 0.07679738562091504 0.056372549019607844
4 0.9566993464052288 0.5882352941176471 0.06535947712418301 0.07107843137254902
4 0.9256535947712419 0.7696078431372549 0.09477124183006536 0.13725490196078433
4 0.8423202614379085 0.8026960784313726 0.07516339869281045 0.11519607843137254
4 0.7508169934640523 0.8259803921568627 0.07352941176470588 0.07107843137254902
4 0.701797385620915 0.6213235294117647 0.08496732026143791 0.12009803921568628
4 0.6446078431372549 0.5833333333333334 0.0915032679738562 0.12254901960784313
4 0.5678104575163399 0.6200980392156863 0.07516339869281045 0.12990196078431374
4 0.5694444444444444 0.7156862745098039 0.10294117647058823 0.17401960784313725
4 0.5040849673202614 0.6225490196078431 0.08660130718954248 0.09558823529411764
4 0.49836601307189543 0.7328431372549019 0.0718954248366013 0.1053921568627451
4 0.44199346405228757 0.5955882352941176 0.08496732026143791 0.09803921568627451
4 0.42401960784313725 0.7083333333333334 0.0718954248366013 0.10784313725490197
4 0.36764705882352944 0.6801470588235294 0.08986928104575163 0.14705882352941177
4 0.3464052287581699 0.5759803921568627 0.10784313725490197 0.11029411764705882
4 0.2916666666666667 0.5392156862745098 0.07516339869281045 0.125
4 0.3014705882352941 0.6691176470588235 0.06372549019607843 0.13970588235294118
4 0.22303921568627452 0.6213235294117647 0.08169934640522876 0.16666666666666666
4 0.16258169934640523 0.6397058823529411 0.09803921568627451 0.13970588235294118
4 0.10702614379084967 0.616421568627451 0.11764705882352941 0.13480392156862744
4 0.061274509803921566 0.5563725490196079 0.12254901960784313 0.12745098039215685
4 0.032679738562091505 0.6372549019607843 0.06535947712418301 0.058823529411764705
4 0.15849673202614378 0.5343137254901961 0.09477124183006536 0.09313725490196079
4 0.5784313725490197 0.22303921568627452 0.10457516339869281 0.11274509803921569
4 0.5269607843137255 0.20710784313725492 0.08660130718954248 0.056372549019607844
4 0.4583333333333333 0.2267156862745098 0.10784313725490197 0.07352941176470588
4 0.38562091503267976 0.20588235294117646 0.09477124183006536 0.0857843137254902
5 0.4910130718954248 0.4338235294117647 0.3954248366013072 0.6838235294117647