4 0.9251302083333334 0.5706018518518519 0.07552083333333333 0.08564814814814815
4 0.982421875 0.6064814814814815 0.032552083333333336 0.0763888888888889
4 0.9029947916666666 0.7511574074074074 0.18229166666666666 0.18981481481481483
4 0.6705729166666666 0.6979166666666666 0.3294270833333333 0.19444444444444445
4 0.4205729166666667 0.6990740740740741 0.06901041666666667 0.09259259259259259
4 0.3665364583333333 0.6678240740740741 0.08072916666666667 0.13425925925925927
4 0.2669270833333333 0.6736111111111112 0.15885416666666666 0.14351851851851852
4 0.15625 0.6365740740740741 0.0703125 0.0625
4 0.15950520833333334 0.6782407407407407 0.045572916666666664 0.05092592592592592
4 0.123046875 0.6724537037037037 0.041666666666666664 0.0625
4 0.087890625 0.6365740740740741 0.06901041666666667 0.05555555555555555
4 0.068359375 0.6620370370370371 0.0625 0.07407407407407407
4 0.018880208333333332 0.6655092592592593 0.037760416666666664 0.0625
4 0.396484375 0.5324074074074074 0.055989583333333336 0.05092592592592592
4 0.4427083333333333 0.5972222222222222 0.052083333333333336 0.06481481481481481
4 0.5533854166666666 0.49421296296296297 0.07942708333333333 0.09027777777777778