4 0.65625 0.8611111111111112 0.11588541666666667 0.13194444444444445
4 0.7317708333333334 0.9548611111111112 0.09375 0.09027777777777778
4 0.8912760416666666 0.9039351851851852 0.06380208333333333 0.10416666666666667
4 0.646484375 0.7511574074074074 0.109375 0.0787037037037037
4 0.5859375 0.7893518518518519 0.055989583333333336 0.10416666666666667
4 0.4830729166666667 0.8159722222222222 0.07942708333333333 0.09722222222222222
4 0.4348958333333333 0.7986111111111112 0.048177083333333336 0.08333333333333333
4 0.3821614583333333 0.7905092592592593 0.045572916666666664 0.0763888888888889
4 0.34765625 0.8159722222222222 0.03515625 0.08101851851851852
4 0.3346354166666667 0.7569444444444444 0.046875 0.06712962962962964
4 0.32421875 0.8078703703703703 0.0390625 0.07175925925925926
4 0.3118489583333333 0.7349537037037037 0.09765625 0.08333333333333333
4 0.3313802083333333 0.6354166666666666 0.07682291666666667 0.13425925925925927
4 0.2708333333333333 0.6527777777777778 0.055989583333333336 0.07407407407407407
4 0.2884114583333333 0.5902777777777778 0.044270833333333336 0.06944444444444445
4 0.3307291666666667 0.5474537037037037 0.0703125 0.1111111111111111
4 0.06901041666666667 0.6053240740740741 0.037760416666666664 0.06481481481481481
4 0.052734375 0.5671296296296297 0.057291666666666664 0.0763888888888889
4 0.4921875 0.24421296296296297 0.2877604166666667 0.23842592592592593
5 0.5026041666666666 0.4965277777777778 0.52734375 0.8935185185185185