4 0.6408823529411766 0.6063970588235295 0.42120915032679734 0.7062499999999999
4 0.7924836601307189 0.18063725490196075 0.15795751633986932 0.26870098039215684
4 0.5891503267973857 0.28414215686274513 0.15431372549019598 0.3231617647058824
4 0.4720424836601307 0.19789215686274506 0.11256535947712416 0.30683823529411763
4 0.38429738562091503 0.2423774509803922 0.07746732026143785 0.20696078431372553
4 0.2962418300653595 0.22558823529411767 0.07686274509803925 0.17338235294117643
4 0.20818627450980393 0.22012254901960784 0.1258823529411765 0.17700980392156862
4 0.14009803921568625 0.2196813725490196 0.10468954248366012 0.13071078431372546
4 0.16491830065359478 0.5809803921568627 0.23057189542483664 0.5301470588235294
4 0.04660130718954248 0.5660049019607843 0.09320261437908496 0.12980392156862747
4 0.06777777777777777 0.6930882352941176 0.1198202614379085 0.19517156862745097
4 0.060212418300653596 0.8428676470588234 0.12042483660130719 0.1788235294117648
4 0.33588235294117647 0.6708333333333333 0.1258823529411765 0.1597794117647058
4 0.3083333333333333 0.8233578431372549 0.21362745098039218 0.2251225490196079
4 0.3361764705882353 0.8885294117647058 0.12648692810457512 0.22294117647058834
4 0.3836764705882353 0.8256127450980393 0.11377450980392156 0.24419117647058822
5 0.670751633986928 0.5036764705882353 0.5375816993464052 0.9926470588235294
5 0.3867156862745098 0.5174264705882353 0.21423202614379092 0.9277450980392157
5 0.29986928104575167 0.4411764705882353 0.20272875816993463 0.8006617647058826
5 0.12919934640522876 0.34267156862745096 0.16158496732026142 0.5401225490196079