4 0.2950326797385621 0.3340686274509804 0.14464052287581697 0.15068627450980393
4 0.5788562091503268 0.34450980392156866 0.23178104575163402 0.18428921568627452
4 0.8100326797385621 0.3013725490196078 0.20516339869281036 0.21605392156862746
4 0.7162254901960784 0.6222794117647058 0.10227124183006542 0.4057843137254901
4 0.8048856209150327 0.8632843137254903 0.03630718954248371 0.08350490196078443
4 0.8920424836601306 0.8524019607843136 0.05566993464052277 0.06536764705882343
4 0.9304575163398694 0.8682843137254902 0.04418300653594765 0.057181372549019706
4 0.9461928104575165 0.8024754901960784 0.03933006535947702 0.06174019607843151
4 0.7365032679738562 0.8487745098039216 0.050833333333333355 0.05808823529411776
4 0.6735620915032681 0.8265196078431373 0.08109477124183005 0.09350490196078426
4 0.6835457516339869 0.8809803921568627 0.0671732026143791 0.0408578431372548
4 0.574624183006536 0.9213970588235294 0.0635457516339869 0.07443627450980393
4 0.5104738562091504 0.9059558823529411 0.07321895424836611 0.03813725490196065
4 0.602156862745098 0.8337990196078431 0.05566993464052296 0.06808823529411757
4 0.5501143790849673 0.8319607843137254 0.07140522875817001 0.08624999999999985
4 0.49140522875816994 0.8351470588235295 0.03872549019607851 0.05990196078431386
4 0.4354248366013072 0.8505882352941176 0.08049019607843136 0.07262254901960784
4 0.4157516339869281 0.827892156862745 0.032679738562091505 0.050833333333333355
4 0.42483660130718953 0.7643382352941177 0.031470588235294104 0.10166666666666671
4 0.39336601307189545 0.7194117647058823 0.12346405228758166 0.14615196078431372
4 0.3143954248366013 0.7779656862745099 0.04297385620915035 0.06536764705882343
4 0.10318627450980392 0.776593137254902 0.03449346405228758 0.042671568627450904
4 0.07444444444444445 0.7974754901960784 0.03872549019607843 0.0390441176470587
4 0.12890522875816993 0.7879411764705883 0.03872549019607841 0.04176470588235285
4 0.16248366013071894 0.7788725490196078 0.034493464052287606 0.050833333333333355
4 0.1963888888888889 0.7666176470588235 0.04418300653594772 0.046299019607843106
4 0.20787581699346405 0.7407352941176472 0.058709150326797396 0.08531862745098026
4 0.11316993464052288 0.39125 0.12709150326797386 0.12164215686274508
5 0.11498366013071896 0.5555637254901961 0.19486928104575163 0.47566176470588234
5 0.2925980392156863 0.4892892156862745 0.18821895424836602 0.6227205882352941
5 0.46295751633986926 0.5460294117647059 0.11740196078431377 0.5673529411764705
5 0.5830882352941177 0.552843137254902 0.22331699346405223 0.6499754901960783
5 0.831813725490196 0.5328676470588235 0.22331699346405223 0.6953431372549019