4 0.48402500000000004 0.14524509803921568 0.6736000000000001 0.23238562091503268
4 0.20765 0.5791503267973857 0.23194999999999996 0.26143790849673204
4 0.216675 0.37673202614379087 0.175 0.13253267973856211
4 0.046525 0.41122549019607835 0.09305 0.08169934640522872
4 0.1007 0.2069771241830065 0.13472499999999998 0.07444444444444442
4 0.80695 0.2814052287581699 0.125 0.08714052287581697
4 0.8618000000000001 0.40168300653594774 0.26527500000000004 0.11346405228758169
4 0.8215250000000001 0.5056209150326797 0.2375 0.11075163398692806
4 0.8659749999999999 0.5637254901960784 0.26805000000000007 0.1579575163398692
4 0.5597249999999999 0.6858169934640523 0.4833250000000001 0.2441830065359478
4 0.3611 0.7806862745098039 0.4805500000000001 0.11619281045751627
4 0.15485 0.7389215686274511 0.2986 0.217859477124183
4 0.515 0.7663398692810458 0.965 0.4673202614379085
4 0.81805 0.906764705882353 0.23332500000000012 0.18517973856209147
4 0.864575 0.7678758169934641 0.1875 0.10166666666666671
4 0.9659749999999999 0.9234313725490196 0.06805000000000007 0.15313725490196084
4 0.6222249999999999 0.9108496732026145 0.20555000000000007 0.144330065359477
4 0.42875 0.9093137254901961 0.0975 0.18137254901960784
4 0.285425 0.9235620915032681 0.24027499999999996 0.1461437908496733
4 0.11320000000000001 0.9235620915032681 0.1375 0.1388888888888889
5 0.5132000000000001 0.5181535947712419 0.890275 0.9636928104575163