5 0.6623692810457517 0.5128978622327791 0.5222712418300652 0.6756294536817101
4 0.6118300653594771 0.26919239904988124 0.22996732026143793 0.18650831353919242
4 0.44874183006535945 0.642209026128266 0.04418300653594765 0.054536817102137855
4 0.47658496732026145 0.7068646080760095 0.051437908496732056 0.07477434679334921
4 0.509264705882353 0.7169833729216153 0.049019607843137254 0.056294536817102246
4 0.5056209150326797 0.8005700712589074 0.04176470588235285 0.047505938242280284
4 0.5954901960784313 0.7275534441805226 0.050833333333333355 0.09676959619952497
4 0.7065522875816994 0.8014489311163896 0.03812091503267981 0.049263657957244675
4 0.7679738562091504 0.7073159144893111 0.031470588235294104 0.047505938242280284
4 0.7552614379084968 0.65187648456057 0.03872549019607851 0.06159144893111627
4 0.8475490196078432 0.6276959619952494 0.05627450980392166 0.05893111638954863
4 0.8148692810457516 0.7785748218527315 0.034493464052287606 0.056294536817102246
4 0.8602614379084967 0.7838479809976246 0.03691176470588222 0.06334916864608066
4 0.9159477124183005 0.7816389548693586 0.03812091503267962 0.04662707838479809
4 0.6741666666666666 0.6034916864608075 0.06052287581699341 0.09325415676959618
4 0.497156862745098 0.5793111638954869 0.06233660130718951 0.04135391923990505