3 0.42348484848484846 0.6587982832618026 0.25303030303030305 0.23819742489270387
3 0.6856060606060606 0.796137339055794 0.3393939393939394 0.3948497854077253
3 0.7803030303030303 0.4409871244635193 0.4393939393939394 0.30257510729613735
3 0.771969696969697 0.30686695278969955 0.1787878787878788 0.12446351931330472
3 0.5871212121212122 0.37553648068669526 0.18484848484848485 0.10300429184549356
3 0.2818181818181818 0.35085836909871243 0.5454545454545454 0.23605150214592274
3 0.1340909090909091 0.31759656652360513 0.08484848484848485 0.06652360515021459
3 0.6446969696969697 0.26394849785407726 0.10909090909090909 0.06652360515021459
3 0.9477272727272728 0.3143776824034335 0.09545454545454546 0.08583690987124463
3 0.95 0.6180257510729614 0.1 0.13304721030042918
3 0.21212121212121213 0.723175965665236 0.12575757575757576 0.15021459227467812
3 0.2909090909090909 0.8969957081545065 0.11515151515151516 0.17167381974248927