3 0.4694126738794436 0.4434435261707989 0.16103554868624415 0.09774104683195597
3 0.23183925811437403 0.7699724517906336 0.45131375579598143 0.46005509641873277
3 0.23757341576506957 0.5180716253443526 0.1490726429675425 0.07820936639118453
3 0.29890262751159197 0.45721763085399447 0.09921174652241113 0.05776859504132223
3 0.402596599690881 0.34479338842975205 0.05434312210200922 0.03732782369146009
3 0.5780989180834621 0.3572451790633609 0.05434312210200922 0.039090909090909086
3 0.633693972179289 0.3381267217630854 0.05085007727975267 0.03644628099173551
3 0.7147140649149923 0.35457300275482095 0.06231839258114382 0.03732782369146009
3 0.6164914992272025 0.4190082644628099 0.0872488408037095 0.03999999999999995
3 0.633693972179289 0.4518732782369146 0.06979907264296749 0.038209366391184586
3 0.6144976816074188 0.515426997245179 0.08426584234930445 0.05509641873278237
3 0.7578361669242658 0.526969696969697 0.1415919629057187 0.07641873278236917
3 0.8428438948995364 0.6278236914600551 0.17400309119010818 0.13063360881542704
3 0.9527047913446677 0.5345179063360882 0.09457496136012374 0.09154269972451795
3 0.9721483771251932 0.6384848484848485 0.0556877897990726 0.11641873278236912
3 0.7969860896445131 0.41366391184573004 0.06132921174652242 0.06487603305785127