3 0.4640579710144928 0.4871090047393365 0.16102766798418977 0.30016587677725115
3 0.49040843214756263 0.7429383886255924 0.09955204216073774 0.15007109004739347
3 0.6309486166007905 0.8149052132701421 0.14054018445322794 0.2554028436018957
3 0.7892885375494072 0.867132701421801 0.08051383399209473 0.1070853080568719
3 0.7153623188405798 0.5801184834123223 0.13859025032938083 0.24926540284360182
3 0.8202766798418972 0.6911611374407584 0.06343873517786573 0.15182464454976316
3 0.8305270092226614 0.3458056872037915 0.15420289855072458 0.45812796208530815
3 0.9535704874835309 0.1312085308056872 0.0928590250329381 0.2624170616113744
3 0.11711462450592885 0.0754739336492891 0.1405401844532279 0.1509478672985782
3 0.08588932806324111 0.3646682464454976 0.030250329380764173 0.08514218009478675
3 0.20275362318840578 0.9127725118483412 0.06295125164690378 0.09654028436018959
3 0.10247694334650856 0.8043601895734597 0.08002635046113309 0.1448104265402844
3 0.32474308300395255 0.924478672985782 0.12247694334650853 0.14630331753554504
3 0.3488932806324111 0.7635545023696683 0.09856389986824773 0.15798578199052124
3 0.47405797101449276 0.8769431279620853 0.14687747035573126 0.24609004739336499
3 0.7437417654808959 0.9620853080568721 0.25691699604743085 0.07582938388625593
3 0.9723320158102767 0.8483412322274881 0.05533596837944664 0.3033175355450237
3 0.7453754940711462 0.38573459715639813 0.05903820816864288 0.12374407582938382
3 0.6099604743083004 0.30718009478672986 0.11125164690382074 0.10530805687203791
3 0.3369433465085639 0.30938388625592417 0.10101449275362318 0.2378436018957346