3 0.20952500000000002 0.7522375 0.25595 0.19196249999999992
3 0.5610083333333333 0.68125 0.21607499999999996 0.10713750000000005
3 0.5672583333333333 0.790625 0.19642500000000004 0.07946249999999992
3 0.7199416666666666 0.8924124999999999 0.2375 0.10625
3 0.8270833333333333 0.9625 0.2708333333333333 0.075
3 0.9071416666666666 0.7651749999999999 0.13452499999999995 0.09107499999999988
3 0.9532750000000001 0.6919625 0.07321666666666678 0.07142500000000013
3 0.8116083333333332 0.690625 0.09225833333333328 0.06338750000000004
3 0.5199416666666666 0.6165125 0.19821666666666662 0.06696250000000006
3 0.4395833333333333 0.56875 0.12083333333333333 0.03928749999999994
3 0.37380833333333335 0.602675 0.12380833333333338 0.05
3 0.24464166666666667 0.5897375 0.06547500000000002 0.027674999999999984
3 0.05089166666666667 0.696875 0.10178333333333334 0.18303750000000008