3 0.5840909090909091 0.6512875536480687 0.25303030303030305 0.23819742489270387
3 0.3287878787878788 0.8079399141630901 0.3393939393939394 0.38412017167381973
3 0.21818181818181817 0.4688841201716738 0.43636363636363634 0.30257510729613735
3 0.21893939393939393 0.33476394849785407 0.1787878787878788 0.12446351931330472
3 0.4068181818181818 0.38412017167381973 0.18484848484848485 0.10300429184549356
3 0.7106060606060606 0.3293991416309013 0.5454545454545454 0.23605150214592274
3 0.8560606060606061 0.2821888412017167 0.08484848484848485 0.06652360515021459
3 0.34393939393939393 0.27896995708154504 0.10909090909090909 0.06652360515021459
3 0.045454545454545456 0.3583690987124464 0.09090909090909091 0.08583690987124463
3 0.05454545454545454 0.6620171673819742 0.10454545454545454 0.13304721030042918
3 0.7977272727272727 0.694206008583691 0.12575757575757576 0.15021459227467812
3 0.728030303030303 0.8755364806866953 0.11515151515151516 0.17167381974248927