3 0.3135802469135803 0.8774104683195593 0.3111111111111111 0.2396694214876033
3 0.4925925925925926 0.6473829201101928 0.16296296296296298 0.12121212121212122
3 0.2876543209876543 0.559228650137741 0.17037037037037037 0.09366391184573003
3 0.22962962962962963 0.45454545454545453 0.3160493827160494 0.13774104683195593
3 0.7135802469135802 0.45041322314049587 0.08641975308641975 0.09090909090909091
3 0.8790123456790123 0.3002754820936639 0.1506172839506173 0.08264462809917356
3 0.6 0.17768595041322313 0.04938271604938271 0.1184573002754821
3 0.7246913580246913 0.08677685950413223 0.08395061728395062 0.03305785123966942
3 0.7666666666666667 0.15426997245179064 0.07160493827160494 0.01652892561983471
3 0.7864197530864198 0.1790633608815427 0.08888888888888889 0.01652892561983471
3 0.8209876543209876 0.21349862258953167 0.1111111111111111 0.06336088154269973
3 0.582716049382716 0.28236914600550966 0.15308641975308643 0.07988980716253444
3 0.3987654320987654 0.1887052341597796 0.11851851851851852 0.05785123966942149
3 0.37407407407407406 0.2699724517906336 0.1728395061728395 0.07713498622589532