3 0.20375 0.736875 0.26 0.205
3 0.5566666666666666 0.684375 0.21833333333333332 0.11875
3 0.5604166666666667 0.79375 0.19833333333333333 0.09
3 0.7108333333333333 0.90375 0.24 0.11875
3 0.81625 0.9675 0.2725 0.065
3 0.9008333333333334 0.78625 0.13666666666666666 0.0975
3 0.9483333333333334 0.715625 0.075 0.075
3 0.8070833333333334 0.706875 0.09333333333333334 0.06875
3 0.5170833333333333 0.6175 0.2 0.0775
3 0.4379166666666667 0.565625 0.12166666666666667 0.045
3 0.37166666666666665 0.59625 0.125 0.05625
3 0.24291666666666667 0.57625 0.06583333333333333 0.03125
3 0.04958333333333333 0.673125 0.09916666666666667 0.18875