3 0.5057915057915058 0.6441281138790036 0.27644787644787644 0.29062870699881377
3 0.6988416988416989 0.8315539739027283 0.3613899613899614 0.21233689205219455
3 0.4791505791505791 0.9240806642941874 0.2911196911196911 0.15183867141162516
3 0.7416988416988417 0.9543297746144721 0.2386100386100386 0.09134045077105575
3 0.906949806949807 0.9584816132858838 0.13976833976833977 0.0830367734282325
3 0.7752895752895753 0.6589561091340451 0.2648648648648649 0.2538552787663108
3 0.5822393822393822 0.42289442467378413 0.155984555984556 0.12336892052194544
3 0.5486486486486486 0.50355871886121 0.1583011583011583 0.1162514827995255
3 0.3776061776061776 0.3398576512455516 0.20386100386100386 0.1553973902728351
3 0.30115830115830117 0.43001186239620404 0.12277992277992278 0.10794780545670225
3 0.2413127413127413 0.2443653618030842 0.13204633204633204 0.13404507710557534
3 0.1583011583011583 0.18090154211150652 0.13976833976833977 0.1221826809015421
3 0.20772200772200772 0.132858837485172 0.16293436293436295 0.10320284697508897
3 0.1810810810810811 0.08896797153024912 0.05405405405405406 0.07947805456702253
3 0.1274131274131274 0.05219454329774614 0.08803088803088803 0.06880189798339265
3 0.07915057915057915 0.0800711743772242 0.09266409266409266 0.0711743772241993
3 0.04942084942084942 0.14768683274021352 0.06640926640926641 0.08185053380782918
3 0.0806949806949807 0.02372479240806643 0.11196911196911197 0.04744958481613286
3 0.21853281853281853 0.011269276393831554 0.06486486486486487 0.022538552787663108
3 0.18185328185328184 0.02491103202846975 0.07104247104247104 0.045077105575326216
3 0.2505791505791506 0.05812574139976275 0.09498069498069497 0.04389086595492289
3 0.2536679536679537 0.08066429418742586 0.08262548262548262 0.045077105575326216
3 0.3312741312741313 0.09845788849347568 0.1806949806949807 0.09608540925266904
3 0.36061776061776063 0.1423487544483986 0.11969111969111969 0.06524317912218268
3 0.34092664092664093 0.17615658362989323 0.09343629343629344 0.04744958481613286
3 0.48725868725868726 0.20106761565836298 0.18532818532818532 0.1162514827995255
3 0.5710424710424711 0.2858837485172005 0.14594594594594595 0.08540925266903915
3 0.6861003861003862 0.35765124555160144 0.17065637065637065 0.1162514827995255
3 0.7976833976833977 0.4655990510083037 0.2247104247104247 0.1435349940688019
3 0.9393822393822394 0.4454329774614472 0.12123552123552124 0.1103202846975089
3 0.9301158301158301 0.3683274021352313 0.09806949806949807 0.06880189798339265
3 0.9876447876447877 0.3807829181494662 0.02471042471042471 0.07829181494661921
3 0.8490347490347491 0.29240806642941874 0.0694980694980695 0.06287069988137604
3 0.7579150579150579 0.3054567022538553 0.13590733590733592 0.09252669039145907
3 0.6482625482625483 0.26868327402135234 0.07876447876447877 0.05812574139976275
3 0.6293436293436293 0.2277580071174377 0.08957528957528957 0.0711743772241993
3 0.7007722007722008 0.2158956109134045 0.06486486486486487 0.05219454329774614
3 0.5806949806949807 0.1826809015421115 0.10579150579150579 0.06168446026097272
3 0.555984555984556 0.12870699881376038 0.07258687258687259 0.06524317912218268
3 0.48764478764478764 0.10498220640569395 0.05328185328185328 0.03914590747330961
3 0.47065637065637067 0.13523131672597866 0.0749034749034749 0.04744958481613286
3 0.4343629343629344 0.07473309608540925 0.06718146718146718 0.05219454329774614
3 0.3718146718146718 0.04389086595492289 0.06486486486486487 0.04151838671411625
3 0.2861003861003861 0.027283511269276393 0.07104247104247104 0.046263345195729534
3 0.4034749034749035 0.021945432977461446 0.07644787644787644 0.042704626334519574
3 0.44826254826254824 0.013641755634638196 0.05945945945945946 0.027283511269276393
3 0.5030888030888031 0.0498220640569395 0.0694980694980695 0.036773428232502965
3 0.5343629343629344 0.06465005931198102 0.06563706563706563 0.0498220640569395
3 0.5277992277992278 0.02372479240806643 0.05405405405405406 0.02491103202846975
3 0.5745173745173745 0.04744958481613286 0.033204633204633204 0.020166073546856466
3 0.6223938223938223 0.0966785290628707 0.051737451737451735 0.03795966785290629
3 0.6942084942084942 0.1257413997627521 0.06254826254826255 0.042704626334519574
3 0.7498069498069498 0.14590747330960854 0.05714285714285714 0.042704626334519574
3 0.8200772200772201 0.17141162514827996 0.06640926640926641 0.042704626334519574
3 0.9193050193050193 0.2188612099644128 0.07027027027027027 0.04863582443653618