3 0.2680461538461538 0.6746304849884527 0.14437692307692304 0.10392609699769054
3 0.42485384615384614 0.700392609699769 0.11834615384615382 0.09859122401847588
3 0.3562153846153846 0.8274133949191685 0.12663076923076924 0.10214780600461898
3 0.5275153846153846 0.8149769053117782 0.0822461538461539 0.07905311778290998
3 0.1849076923076923 0.8656120092378753 0.17336923076923078 0.11102771362586615
3 0.8097615384615385 0.5809237875288683 0.1047307692307693 0.09060046189376442
3 0.9210076923076923 0.6843995381062357 0.12840000000000007 0.11458429561200927
3 0.5544384615384615 0.3157736720554272 0.05206923076923081 0.050635103926097026
3 0.5872769230769231 0.34509237875288684 0.058576923076923144 0.055958429561200965
3 0.4863923076923076 0.2953464203233256 0.08402307692307694 0.04530023094688221
3 0.42544615384615386 0.33309468822170896 0.12899230769230774 0.058625866050808294
3 0.38224615384615385 0.29934180138568134 0.048523076923076953 0.06040415704387988