3 0.5285935085007728 0.44077134986225897 0.16383307573415765 0.11294765840220386
3 0.7720247295208655 0.743801652892562 0.4559505409582689 0.5013774104683195
3 0.7627511591962906 0.4931129476584022 0.15146831530139104 0.09090909090909091
3 0.6993817619783617 0.4380165289256198 0.10046367851622875 0.06611570247933884
3 0.5927357032457496 0.33608815426997246 0.05564142194744977 0.04132231404958678
3 0.4180834621329212 0.3650137741046832 0.05564142194744977 0.0440771349862259
3 0.3616692426584235 0.3512396694214876 0.05255023183925812 0.04132231404958678
3 0.28129829984544047 0.3746556473829201 0.0633693972179289 0.0440771349862259
3 0.38098918083462135 0.4297520661157025 0.08809891808346214 0.046831955922865015
3 0.36476043276661513 0.4641873278236915 0.07109737248840804 0.0440771349862259
3 0.38639876352395675 0.5261707988980716 0.08500772797527048 0.06336088154269973
3 0.24343122102009274 0.5509641873278237 0.1437403400309119 0.0881542699724518
3 0.1615146831530139 0.6597796143250688 0.1777434312210201 0.14600550964187328
3 0.04868624420401855 0.5771349862258953 0.0973724884080371 0.09917355371900827
3 0.03245749613601236 0.6818181818181818 0.05873261205564142 0.12121212121212122
3 0.2009273570324575 0.44214876033057854 0.0633693972179289 0.07162534435261708