3 0.47680468749999994 0.6788194444444444 0.5913125000000001 0.5277777777777778
3 0.396 0.5425416666666667 0.099609375 0.08159722222222222
3 0.5646953124999999 0.43272222222222223 0.04248437500000009 0.033861111111111106
3 0.1533203125 0.9131944444444444 0.1875 0.1736111111111111
3 0.66796875 0.7536527777777777 0.310546875 0.48993055555555554
3 0.6848124999999999 0.39105555555555555 0.16650781250000007 0.07552777777777778
3 0.5068359375 0.4809027777777778 0.068359375 0.05381944444444445
3 0.44678125 0.48004166666666664 0.0654296875 0.06076388888888889
3 0.7890625 0.36327777777777776 0.0478515625 0.04601388888888888
3 0.7275390625 0.33116666666666666 0.099609375 0.056430555555555546
3 0.8415546875000001 0.2725694444444444 0.08642968750000009 0.05381944444444445