3 0.7376923076923076 0.6558891454965358 0.1476923076923077 0.11547344110854503
3 0.5819230769230769 0.6939953810623557 0.12153846153846154 0.10739030023094688
3 0.655 0.8158198614318707 0.13 0.11200923787528869
3 0.48346153846153844 0.8169745958429562 0.08461538461538462 0.08545034642032333
3 0.8273076923076923 0.8400692840646651 0.17692307692307693 0.12471131639722864
3 0.19346153846153846 0.605080831408776 0.1076923076923077 0.09815242494226328
3 0.08615384615384615 0.7170900692840647 0.13230769230769232 0.12471131639722864
3 0.43923076923076926 0.3204387990762125 0.05384615384615385 0.054272517321016164
3 0.4073076923076923 0.35219399538106233 0.06076923076923077 0.06004618937644342
3 0.5065384615384615 0.29445727482678985 0.08538461538461538 0.05196304849884527
3 0.5684615384615385 0.3273672055427252 0.13076923076923078 0.06812933025404157
3 0.6107692307692307 0.29041570438799075 0.05076923076923077 0.06466512702078522