3 0.7552083333333334 0.6147166361974405 0.48541666666666666 0.23857404021937842
3 0.4361979166666667 0.6211151736745887 0.1484375 0.16727605118829983
3 0.4981770833333333 0.5191956124314442 0.0359375 0.056672760511883
3 0.42578125 0.40493601462522855 0.12239583333333333 0.054844606946983544
3 0.4109375 0.49085923217550276 0.075 0.07312614259597806
3 0.340625 0.506398537477148 0.08333333333333333 0.062157221206581355
3 0.22421875 0.56672760511883 0.13177083333333334 0.14990859232175502
3 0.25703125 0.706581352833638 0.03802083333333333 0.04204753199268738
3 0.325 0.7294332723948812 0.03125 0.04204753199268738
3 0.14401041666666667 0.9072212065813529 0.04739583333333333 0.07769652650822668
3 0.1875 0.7116087751371115 0.1 0.11608775137111517
3 0.09166666666666666 0.5447897623400365 0.09270833333333334 0.0712979890310786
3 0.04296875 0.6604204753199269 0.0859375 0.13254113345521024
3 0.01171875 0.783363802559415 0.0234375 0.08775137111517367
3 0.09505208333333333 0.823126142595978 0.0453125 0.04661791590493602
3 0.07083333333333333 0.7600548446069469 0.028125 0.03016453382084095
3 0.5338541666666666 0.7947897623400365 0.03854166666666667 0.04296160877513711
3 0.6005208333333333 0.8025594149908593 0.04479166666666667 0.038391224862888484
3 0.5721354166666667 0.8606032906764168 0.04635416666666667 0.05941499085923217