3 0.7932203389830509 0.48714285714285716 0.2457627118644068 0.10571428571428572
3 0.5805084745762712 0.4114285714285714 0.08305084745762711 0.04
3 0.5127118644067796 0.4714285714285714 0.1016949152542373 0.05714285714285714
3 0.45847457627118643 0.43142857142857144 0.10847457627118644 0.07714285714285714
3 0.3949152542372881 0.3557142857142857 0.2135593220338983 0.09142857142857143
3 0.27372881355932205 0.4114285714285714 0.06779661016949153 0.07142857142857142
3 0.25508474576271184 0.3342857142857143 0.0423728813559322 0.06285714285714286
3 0.22542372881355932 0.30142857142857143 0.0423728813559322 0.04
3 0.1711864406779661 0.2914285714285714 0.061016949152542375 0.04
3 0.13474576271186442 0.37142857142857144 0.15423728813559323 0.09428571428571429
3 0.03305084745762712 0.36 0.04915254237288136 0.05142857142857143
3 0.02288135593220339 0.29285714285714287 0.04576271186440678 0.06571428571428571
3 0.33559322033898303 0.5 0.16271186440677965 0.09428571428571429
3 0.6669491525423729 0.75 0.5966101694915255 0.4857142857142857
3 0.6237288135593221 0.8628571428571429 0.1847457627118644 0.13142857142857142
3 0.3949152542372881 0.6828571428571428 0.2983050847457627 0.20285714285714285
3 0.16186440677966102 0.49 0.13559322033898305 0.1657142857142857