3 0.2740740740740741 0.849862258953168 0.3358024691358025 0.2809917355371901
3 0.4765432098765432 0.6446280991735537 0.17530864197530865 0.14325068870523416
3 0.28271604938271605 0.5289256198347108 0.18024691358024691 0.11570247933884298
3 0.23703703703703705 0.41735537190082644 0.32839506172839505 0.18181818181818182
3 0.717283950617284 0.4793388429752066 0.09382716049382717 0.10192837465564739
3 0.8987654320987655 0.35399449035812675 0.1580246913580247 0.10192837465564739
3 0.6345679012345679 0.19421487603305784 0.06172839506172839 0.12396694214876033
3 0.7691358024691358 0.11983471074380166 0.08641975308641975 0.0440771349862259
3 0.8024691358024691 0.1928374655647383 0.07407407407407407 0.024793388429752067
3 0.8197530864197531 0.22038567493112948 0.09135802469135802 0.027548209366391185
3 0.8506172839506173 0.2603305785123967 0.11604938271604938 0.07713498622589532
3 0.6049382716049383 0.29614325068870523 0.16049382716049382 0.09917355371900827
3 0.43333333333333335 0.17768595041322313 0.12345679012345678 0.0743801652892562
3 0.4 0.2548209366391185 0.18024691358024691 0.10192837465564739