3 0.2680769230769231 0.674364896073903 0.14461538461538462 0.10392609699769054
3 0.425 0.7003464203233256 0.11846153846153847 0.09815242494226328
3 0.35615384615384615 0.8273672055427251 0.12692307692307692 0.10161662817551963
3 0.5276923076923077 0.815242494226328 0.0823076923076923 0.07852193995381063
3 0.185 0.8654734411085451 0.17307692307692307 0.11085450346420324
3 0.8096153846153846 0.5808314087759815 0.10461538461538461 0.09006928406466513
3 0.9211538461538461 0.6841801385681293 0.12846153846153846 0.11431870669745958
3 0.5546153846153846 0.3158198614318707 0.052307692307692305 0.050808314087759814
3 0.5873076923076923 0.34526558891454967 0.05846153846153846 0.05542725173210162
3 0.48653846153846153 0.2956120092378753 0.08384615384615385 0.04503464203233257
3 0.42538461538461536 0.3331408775981524 0.12923076923076923 0.05889145496535797
3 0.3823076923076923 0.29907621247113164 0.04846153846153846 0.06004618937644342