3 0.5247295208655333 0.43526170798898073 0.16846986089644514 0.14600550964187328
3 0.7727975270479135 0.6818181818181818 0.45440494590417313 0.5922865013774105
3 0.7604327666151468 0.4366391184573003 0.1545595054095827 0.12396694214876033
3 0.6939721792890263 0.3953168044077135 0.1035548686244204 0.0881542699724518
3 0.5811437403400309 0.3168044077134986 0.0571870170015456 0.05234159779614325
3 0.4088098918083462 0.38292011019283745 0.0571870170015456 0.05509641873278237
3 0.35239567233384855 0.38154269972451793 0.05409582689335394 0.05234159779614325
3 0.2743431221020093 0.4228650137741047 0.06491499227202473 0.05509641873278237
3 0.37712519319938176 0.4559228650137741 0.08964451313755796 0.06611570247933884
3 0.36398763523956723 0.49449035812672176 0.07264296754250386 0.06060606060606061
3 0.38871715610510044 0.5509641873278237 0.08809891808346214 0.07988980716253444
3 0.24884080370942813 0.6060606060606061 0.14683153013910355 0.1184573002754821
3 0.17465224111282843 0.731404958677686 0.1839258114374034 0.18181818181818182
3 0.0571870170015456 0.6735537190082644 0.10200927357032458 0.1184573002754821
3 0.04868624420401855 0.7823691460055097 0.06646058732612056 0.1322314049586777
3 0.19938176197836166 0.5068870523415978 0.06646058732612056 0.08264462809917356