3 0.20657627118644067 0.48705714285714286 0.2457627118644068 0.10445714285714286
3 0.4194915254237288 0.4116 0.0826271186440678 0.041085714285714274
3 0.4872881355932203 0.4709714285714286 0.1016949152542373 0.058028571428571436
3 0.541322033898305 0.43214285714285716 0.1091186440677966 0.0768
3 0.605406779661017 0.35537142857142856 0.2129322033898305 0.09285714285714286
3 0.7264237288135593 0.4111714285714286 0.06727118644067787 0.07054285714285714
3 0.7447118644067796 0.33394285714285715 0.0423728813559322 0.0625142857142857
3 0.7743728813559322 0.3008857142857143 0.0423728813559322 0.039285714285714285
3 0.8286610169491526 0.2915142857142857 0.06091525423728804 0.04017142857142858
3 0.8649322033898305 0.37142857142857144 0.15466101694915244 0.09465714285714284
3 0.9671694915254238 0.35982857142857144 0.04979661016949171 0.051799999999999985
3 0.9772203389830507 0.2924 0.04555932203389849 0.06697142857142857
3 0.6642033898305084 0.5004571428571428 0.163135593220339 0.09374285714285716
3 0.33315254237288133 0.7504571428571429 0.596406779661017 0.4866000000000001
3 0.3760677966101695 0.862942857142857 0.18538983050847457 0.13125714285714302
3 0.6051355932203389 0.6826 0.2982033898305086 0.20268571428571427
3 0.8381864406779661 0.4906285714285714 0.13506779661016957 0.16517142857142858