3 0.4861930501930502 0.6428469750889679 0.2631428571428571 0.256405693950178
3 0.28304247104247104 0.803902728351127 0.35342857142857137 0.166073546856465
3 0.49599227799227796 0.9343416370106762 0.28511969111969115 0.13130486358244373
3 0.23195366795366795 0.9452906287069988 0.2334440154440154 0.10940688018979836
3 0.06640926640926641 0.9341637010676157 0.13281853281853281 0.12930011862396204
3 0.2168108108108108 0.62141162514828 0.2530424710424711 0.22081850533807834
3 0.4223320463320463 0.4124436536180308 0.1508725868725868 0.10402135231316718
3 0.45144401544401547 0.4968564650059312 0.15325096525096527 0.09581257413997625
3 0.6308262548262548 0.35678529062870695 0.1972046332046331 0.12957295373665484
3 0.7021081081081081 0.45715302491103205 0.11761389961389958 0.09307236061684465
3 0.7722007722007722 0.2796797153024911 0.12593050193050187 0.11771055753262158
3 0.8583320463320463 0.22766310794780545 0.13424710424710418 0.10493475682087779
3 0.8119999999999999 0.17336892052194544 0.15918918918918926 0.08212336892052197
3 0.8411042471042471 0.13322657176749703 0.049899613899613816 0.07300118623962042
3 0.8966409266409268 0.103570581257414 0.08494208494208494 0.05748517200474497
3 0.942972972972973 0.1382443653618031 0.08969111969111976 0.05931198102016609
3 0.9686640926640927 0.20941874258600238 0.06266409266409273 0.07391459074733096
3 0.9466872586872587 0.04927639383155397 0.10662548262548258 0.09855278766310795
3 0.8684324324324324 0.02737841043890866 0.08553667953667952 0.054744958481613294
3 0.8084324324324325 0.04243179122182681 0.06296525096525094 0.03193357058125742
3 0.8437760617760618 0.06934756820877817 0.0694980694980695 0.036500593119810194
3 0.7736833976833978 0.0930723606168446 0.09325868725868733 0.031020166073546865
3 0.7692277992277992 0.11497034400948992 0.08078764478764489 0.03467378410438907
3 0.6908262548262548 0.12272835112692763 0.177011583011583 0.07208778173190986
3 0.659042471042471 0.16241992882562276 0.11701930501930499 0.04927639383155398
3 0.6768648648648649 0.19846975088967972 0.09206949806949809 0.03558718861209965
3 0.5295521235521236 0.203938315539739 0.1811737451737451 0.09215895610913405
3 0.4413436293436293 0.2769395017793595 0.1425637065637065 0.0666073546856465
3 0.32254054054054054 0.3335112692763938 0.1663166023166023 0.09398576512455518
3 0.2052277992277992 0.4261328588374852 0.2191891891891892 0.11497034400948987
3 0.06177606177606178 0.3861209964412811 0.12355212355212356 0.0937129300118624
3 0.079003861003861 0.3111625148279953 0.09504247104247103 0.05657176749703437
3 0.015444015444015444 0.31494661921708184 0.03088803088803089 0.07473309608540925
3 0.16394594594594594 0.24637010676156584 0.06652509652509651 0.05474495848161326
3 0.25393822393822396 0.27192170818505335 0.13246332046332043 0.0748279952550415
3 0.3653127413127413 0.24956109134045076 0.07603088803088802 0.04836298932384339
3 0.3866949806949807 0.21169632265717675 0.08672586872586868 0.06022538552787661
3 0.31600772200772204 0.18979833926453143 0.06296525096525094 0.04379596678529065
3 0.43777606177606176 0.1729181494661922 0.10335907335907334 0.04836298932384341
3 0.46539768339768345 0.12272835112692763 0.0694980694980695 0.05565836298932383
3 0.534895752895753 0.10812574139976276 0.051675675675675735 0.03193357058125743
3 0.5497451737451737 0.14052194543297747 0.07306563706563715 0.03832740213523134
3 0.5895444015444016 0.08486358244365362 0.06474903474903468 0.04379596678529062
3 0.6533976833976833 0.0629655990510083 0.06296525096525094 0.032846975088967965
3 0.7398301158301158 0.05794780545670226 0.0694980694980695 0.03741399762752077
3 0.7653667953667953 0.005931198102016607 0.04811583011583007 0.011862396204033215
3 0.7023166023166023 0.011862396204033215 0.06409266409266409 0.02372479240806643
3 0.623104247104247 0.0365005931198102 0.0748416988416989 0.03284697508896798
3 0.5791505791505791 0.016880189798339267 0.05820849420849429 0.03193357058125742
3 0.5224247104247104 0.05110320284697509 0.06830888030888034 0.02737841043890866
3 0.49034749034749037 0.06158956109134045 0.06355984555984552 0.041067615658363
3 0.4992586872586872 0.021897983392645315 0.05286486486486489 0.018244365361803086
3 0.45144401544401547 0.03924080664294187 0.032077220077220046 0.016429418742586
3 0.400949806949807 0.08212336892052195 0.04989961389961386 0.031020166073546865
3 0.3278918918918919 0.10128113879003559 0.06058687258687261 0.03467378410438907
3 0.27115830115830114 0.1136061684460261 0.055243243243243215 0.03558718861209965
3 0.1998841698841699 0.1300355871886121 0.06474903474903476 0.03376037959667854
3 0.09830888030888031 0.16379596678529065 0.0683088803088803 0.039240806642941856