3 0.3135802469135803 0.8776308539944904 0.3117530864197531 0.23922865013774114
3 0.4922222222222222 0.6473829201101928 0.16249382716049382 0.12173553719008272
3 0.28713580246913584 0.5589531680440771 0.17123456790123456 0.09418732782369145
3 0.23019753086419753 0.4541046831955923 0.31540740740740736 0.1386225895316804
3 0.7140493827160493 0.4505509641873279 0.08523456790123453 0.09063360881542694
3 0.8793333333333333 0.3003581267217631 0.14975308641975302 0.08176308539944906
3 0.6005679012345678 0.1781818181818182 0.04938271604938271 0.1181818181818182
3 0.7252098765432098 0.08619834710743801 0.08362962962962964 0.0337741046831956
3 0.767037037037037 0.15462809917355372 0.07167901234567894 0.016005509641873285
3 0.7869382716049382 0.1790633608815427 0.08920987654320986 0.016887052341597784
3 0.8215802469135802 0.21415977961432506 0.11071604938271613 0.06220385674931133
3 0.5822469135802469 0.283030303030303 0.1529382716049382 0.07909090909090911
3 0.3990370370370371 0.18884297520661156 0.11787654320987656 0.05776859504132231
3 0.37395061728395057 0.27013774104683197 0.1728395061728395 0.07820936639118453