3 0.5355731225296443 0.48578199052132703 0.16337285902503293 0.3056872037914692
3 0.5118577075098815 0.7428909952606635 0.10144927536231885 0.15402843601895735
3 0.37220026350461133 0.8187203791469194 0.14361001317523056 0.26066350710900477
3 0.21409749670619235 0.8755924170616114 0.08168642951251646 0.10900473933649289
3 0.2852437417654809 0.5864928909952607 0.14097496706192358 0.25355450236966826
3 0.18181818181818182 0.7014218009478673 0.06455862977602109 0.15402843601895735
3 0.16798418972332016 0.3566350710900474 0.15810276679841898 0.46208530805687204
3 0.04479578392621871 0.14454976303317535 0.08959156785243742 0.26540284360189575
3 0.8787878787878788 0.07109004739336493 0.1422924901185771 0.14218009478672985
3 0.9130434782608695 0.3518957345971564 0.03162055335968379 0.08530805687203792
3 0.8010540184453228 0.9028436018957346 0.06324110671936758 0.0995260663507109
3 0.9005270092226614 0.7914691943127962 0.08168642951251646 0.14691943127962084
3 0.6791831357048749 0.919431279620853 0.12384716732542819 0.14928909952606634
3 0.6534914361001317 0.7582938388625592 0.10013175230566534 0.16113744075829384
3 0.5289855072463768 0.8744075829383886 0.14888010540184454 0.25118483412322273
3 0.2608695652173913 0.9632701421800948 0.25823451910408435 0.07345971563981042
3 0.030303030303030304 0.8542654028436019 0.057971014492753624 0.2914691943127962
3 0.2536231884057971 0.3933649289099526 0.06060606060606061 0.12559241706161137
3 0.38801054018445325 0.3104265402843602 0.11198945981554677 0.10900473933649289
3 0.6613965744400527 0.30450236966824645 0.10276679841897234 0.24170616113744076