3 0.31484375 0.8166666666666667 0.175 0.36666666666666664
3 0.096921875 0.7009583333333333 0.1528359375 0.17622222222222222
3 0.3776875 0.5646666666666667 0.1293984375 0.11893055555555555
3 0.49047656249999994 0.6289027777777778 0.08838281250000009 0.08420833333333333
3 0.608890625 0.7665 0.123046875 0.1597222222222222
3 0.87421875 0.9138888888888889 0.221875 0.17222222222222222
3 0.8127421874999999 0.7052916666666667 0.11475000000000009 0.10156944444444443
3 0.7180156249999999 0.5559861111111111 0.10107812500000009 0.09288888888888888
3 0.5593281250000001 0.5420972222222222 0.10400781250000009 0.07205555555555555
3 0.5485859375000001 0.48525 0.10889062500000009 0.04861111111111111
3 0.6062031250000001 0.4461805555555556 0.06982812500000009 0.0625
3 0.6716328125000001 0.44358333333333333 0.05517968750000009 0.057291666666666664
3 0.63671875 0.3871527777777778 0.0849609375 0.05381944444444445
3 0.5944843750000001 0.34375 0.07373437500000009 0.03819444444444445
3 0.5168437499999999 0.33984722222222224 0.05713281250000009 0.02865277777777777
3 0.5290546875000001 0.36415277777777777 0.05225000000000009 0.033861111111111106
3 0.5026875000000001 0.4149305555555556 0.09131250000000009 0.05555555555555555
3 0.3791484375 0.421875 0.14209375 0.0920138888888889
3 0.1213359375 0.39540277777777777 0.2309609375 0.16927777777777778
3 0.258546875 0.4652777777777778 0.06299218749999999 0.078125
3 0.3122578125 0.3337638888888889 0.019046874999999998 0.04601388888888888
3 0.370609375 0.329 0.0390625 0.029513888888888888
3 0.41284375000000006 0.30295833333333333 0.02978906250000004 0.019097222222222224
3 0.43383593749999994 0.3181388888888889 0.03369531250000009 0.02518055555555555
3 0.4931640625 0.30990277777777775 0.041015625 0.024305555555555556
3 0.5068359375 0.29556944444444444 0.0478515625 0.019972222222222218
3 0.43871874999999994 0.28081944444444445 0.03369531250000009 0.019972222222222218
3 0.49438281249999994 0.25130555555555556 0.05322656250000009 0.02691666666666666
3 0.49389843750000006 0.20920833333333333 0.030765625000000085 0.015625
3 0.48803906250000006 0.23004166666666667 0.024906250000000085 0.022569444444444444
3 0.9538593750000001 0.6697083333333333 0.05810937500000009 0.07205555555555555