3 0.4198181818181818 0.6554077253218884 0.24746969696969703 0.22710300429184552
3 0.6783484848484849 0.8047210300429185 0.33018181818181813 0.3791201716738197
3 0.7825151515151516 0.45465665236051506 0.43496969696969684 0.28165236051502146
3 0.7765151515151515 0.3205579399141631 0.1755 0.11534334763948498
3 0.5902727272727273 0.37957081545064375 0.18307575757575764 0.09388412017167382
3 0.2856666666666667 0.3402145922746781 0.541030303030303 0.2101287553648069
3 0.1388939393939394 0.29997854077253217 0.08333333333333333 0.06347639484978537
3 0.6505606060606061 0.27137339055793985 0.10795454545454546 0.06169527896995705
3 0.9523333333333333 0.3366309012875537 0.09406060606060596 0.08137339055793995
3 0.9491818181818182 0.6401931330472103 0.10163636363636352 0.12875536480686695
3 0.20707575757575755 0.7086051502145922 0.12246969696969695 0.14394849785407735
3 0.28125757575757576 0.8865236051502146 0.11174242424242424 0.16721030042918447