3 0.5362318840579711 0.490521327014218 0.16996047430830039 0.31516587677725116
3 0.502635046113307 0.7440758293838863 0.10408432147562582 0.15876777251184834
3 0.3603425559947299 0.8021327014218009 0.14756258234519104 0.2677725118483412
3 0.2002635046113307 0.8388625592417062 0.08300395256916997 0.11374407582938388
3 0.2826086956521739 0.5592417061611374 0.14624505928853754 0.26303317535545023
3 0.17457180500658762 0.6611374407582938 0.06719367588932806 0.15876777251184834
3 0.17457180500658762 0.31516587677725116 0.1673254281949934 0.471563981042654
3 0.057971014492753624 0.11137440758293839 0.10013175230566534 0.22274881516587677
3 0.8945981554677207 0.11255924170616113 0.14492753623188406 0.16350710900473933
3 0.9176548089591567 0.4040284360189573 0.03293807641633729 0.08767772511848342
3 0.7845849802371542 0.9407582938388626 0.06587615283267458 0.1018957345971564
3 0.8880105401844532 0.8412322274881516 0.08432147562582346 0.15165876777251186
3 0.6627140974967062 0.9300947867298578 0.12648221343873517 0.13981042654028436
3 0.6429512516469038 0.7772511848341233 0.10276679841897234 0.16587677725118483
3 0.5144927536231884 0.8744075829383886 0.1541501976284585 0.25118483412322273
3 0.24308300395256918 0.9383886255924171 0.25823451910408435 0.0995260663507109
3 0.025032938076416336 0.8033175355450237 0.05006587615283267 0.3080568720379147
3 0.25823451910408435 0.36255924170616116 0.061923583662714096 0.12796208530805686
3 0.3959156785243742 0.29739336492890994 0.11462450592885376 0.11611374407582939
3 0.6686429512516469 0.3246445497630332 0.1080368906455863 0.24644549763033174