3 0.7932203389830509 0.47 0.24745762711864408 0.12
3 0.5788135593220339 0.40714285714285714 0.08305084745762711 0.045714285714285714
3 0.511864406779661 0.47 0.10338983050847457 0.06285714285714286
3 0.4576271186440678 0.4342857142857143 0.11016949152542373 0.08285714285714285
3 0.39152542372881355 0.36142857142857143 0.21525423728813559 0.10571428571428572
3 0.27203389830508473 0.42428571428571427 0.06949152542372881 0.07428571428571429
3 0.25169491525423726 0.3485714285714286 0.04406779661016949 0.06571428571428571
3 0.22203389830508474 0.3171428571428571 0.0423728813559322 0.04285714285714286
3 0.1669491525423729 0.31142857142857144 0.061016949152542375 0.04285714285714286
3 0.13305084745762713 0.39285714285714285 0.15593220338983052 0.10285714285714286
3 0.030508474576271188 0.3871428571428571 0.05084745762711865 0.054285714285714284
3 0.0211864406779661 0.32 0.0423728813559322 0.06857142857142857
3 0.33559322033898303 0.51 0.16440677966101694 0.10285714285714286
3 0.6720338983050848 0.74 0.6067796610169491 0.52
3 0.6313559322033898 0.8557142857142858 0.188135593220339 0.14285714285714285
3 0.3983050847457627 0.6885714285714286 0.3016949152542373 0.22
3 0.16186440677966102 0.51 0.13898305084745763 0.1742857142857143