3 0.24583333333333332 0.6224862888482633 0.4875 0.25411334552102377
3 0.5651041666666666 0.6188299817184644 0.15 0.17184643510054845
3 0.5020833333333333 0.5191956124314442 0.036458333333333336 0.05850091407678245
3 0.5734375 0.4031078610603291 0.12291666666666666 0.05850091407678245
3 0.5890625 0.48811700182815354 0.07604166666666666 0.07495429616087751
3 0.659375 0.5018281535648994 0.084375 0.06398537477148081
3 0.7765625 0.5585009140767825 0.13333333333333333 0.15356489945155394
3 0.7447916666666666 0.6992687385740403 0.03854166666666667 0.043875685557586835
3 0.6770833333333334 0.7239488117001828 0.03125 0.043875685557586835
3 0.8598958333333333 0.896709323583181 0.04791666666666667 0.07861060329067641
3 0.8145833333333333 0.7020109689213894 0.10104166666666667 0.11882998171846434
3 0.9088541666666666 0.5319926873857403 0.09375 0.07495429616087751
3 0.9572916666666667 0.6453382084095064 0.08541666666666667 0.13528336380255943
3 0.9895833333333334 0.7678244972577697 0.020833333333333332 0.08775137111517367
3 0.9083333333333333 0.8107861060329068 0.04583333333333333 0.04753199268738574
3 0.9317708333333333 0.746800731261426 0.028125 0.031078610603290677
3 0.46927083333333336 0.7961608775137111 0.03854166666666667 0.043875685557586835
3 0.40260416666666665 0.8053016453382084 0.04479166666666667 0.04021937842778794
3 0.43125 0.8628884826325411 0.046875 0.0603290676416819