3 0.471484375 0.6763888888888889 0.60625 0.5819444444444445
3 0.394921875 0.5326388888888889 0.1015625 0.09027777777777778
3 0.56640625 0.4388888888888889 0.04375 0.0375
3 0.141796875 0.8805555555555555 0.1921875 0.19027777777777777
3 0.659765625 0.7548611111111111 0.32421875 0.49027777777777776
3 0.687890625 0.4083333333333333 0.16875 0.09027777777777778
3 0.507421875 0.48125 0.06953125 0.059722222222222225
3 0.447265625 0.475 0.0671875 0.06666666666666667
3 0.792578125 0.3902777777777778 0.04921875 0.05
3 0.73203125 0.3527777777777778 0.10078125 0.06527777777777778
3 0.84765625 0.30486111111111114 0.08828125 0.06111111111111111