3 0.4814671814671815 0.641755634638197 0.27181467181467184 0.2775800711743772
3 0.27297297297297296 0.7858837485172004 0.3583011583011583 0.19454329774614473
3 0.4806949806949807 0.928232502965599 0.28957528957528955 0.1435349940688019
3 0.21698841698841698 0.9228944246737841 0.23706563706563707 0.12811387900355872
3 0.06023166023166023 0.8979833926453143 0.12046332046332046 0.13997627520759193
3 0.21312741312741312 0.5984578884934757 0.2602316602316602 0.24080664294187426
3 0.4254826254826255 0.40628706998813763 0.15444015444015444 0.1162514827995255
3 0.4517374517374517 0.4928825622775801 0.155984555984556 0.10794780545670225
3 0.6355212355212355 0.36773428232502964 0.20154440154440154 0.14472123368920523
3 0.7034749034749035 0.47330960854092524 0.12046332046332046 0.10201660735468565
3 0.7791505791505792 0.30189798339264534 0.12972972972972974 0.12811387900355872
3 0.8671814671814672 0.2568208778173191 0.13745173745173744 0.11506524317912219
3 0.8227799227799227 0.19869513641755635 0.1613899613899614 0.09489916963226572
3 0.8532818532818532 0.16132858837485173 0.05250965250965251 0.0771055753262159
3 0.9096525096525097 0.13582443653618032 0.08648648648648649 0.06405693950177936
3 0.9544401544401544 0.17437722419928825 0.09111969111969112 0.066429418742586
3 0.9725868725868726 0.24673784104389088 0.054826254826254826 0.07829181494661921
3 0.9532818532818533 0.08540925266903915 0.09343629343629344 0.10676156583629894
3 0.8841698841698842 0.05753262158956109 0.08725868725868725 0.06168446026097272
3 0.8235521235521236 0.06761565836298933 0.06409266409266409 0.036773428232502965
3 0.857915057915058 0.09786476868327403 0.07027027027027027 0.04151838671411625
3 0.7872586872586873 0.11565836298932385 0.09420849420849421 0.03795966785290629
3 0.7818532818532818 0.13701067615658363 0.08185328185328185 0.04151838671411625
3 0.7034749034749035 0.1387900355871886 0.17915057915057914 0.08659549228944247
3 0.6702702702702703 0.17556346381969157 0.11891891891891893 0.05812574139976275
3 0.6868725868725869 0.2129300118623962 0.09343629343629344 0.042704626334519574
3 0.5397683397683398 0.2069988137603796 0.1837837837837838 0.10676156583629894
3 0.44903474903474905 0.2722419928825623 0.1444015444015444 0.07829181494661921
3 0.32857142857142857 0.31969157769869516 0.1691119691119691 0.10676156583629894
3 0.20810810810810812 0.4027283511269276 0.22316602316602316 0.132858837485172
3 0.06640926640926641 0.35112692763938314 0.12664092664092663 0.10320284697508897
3 0.0861003861003861 0.2775800711743772 0.09652509652509653 0.06405693950177936
3 0.022393822393822392 0.2763938315539739 0.033204633204633204 0.0771055753262159
3 0.17297297297297298 0.21945432977461446 0.06795366795366796 0.060498220640569395
3 0.26216216216216215 0.2526690391459075 0.13513513513513514 0.08540925266903915
3 0.3741312741312741 0.23902728351126928 0.07722007722007722 0.054567022538552785
3 0.39652509652509654 0.20284697508896798 0.0888030888030888 0.06761565836298933
3 0.32664092664092664 0.17556346381969157 0.06409266409266409 0.04863582443653618
3 0.44903474903474905 0.16844602609727166 0.10501930501930502 0.05693950177935943
3 0.4783783783783784 0.12040332147093713 0.07104247104247104 0.06168446026097272
3 0.5482625482625483 0.11150652431791222 0.05250965250965251 0.03558718861209965
3 0.5617760617760618 0.14472123368920523 0.07413127413127413 0.04389086595492289
3 0.6034749034749035 0.09252669039145907 0.06640926640926641 0.04863582443653618
3 0.667953667953668 0.07591933570581258 0.06409266409266409 0.03795966785290629
3 0.7544401544401544 0.07769869513641756 0.07104247104247104 0.042704626334519574
3 0.7818532818532818 0.027876631079478055 0.04864864864864865 0.01542111506524318
3 0.7185328185328186 0.029062870699881376 0.06486486486486487 0.028469750889679714
3 0.6386100386100386 0.0468564650059312 0.07567567567567568 0.03914590747330961
3 0.5953667953667954 0.02372479240806643 0.05945945945945946 0.036773428232502965
3 0.5378378378378378 0.05338078291814947 0.0694980694980695 0.033214709371293
3 0.5054054054054054 0.06168446026097272 0.06486486486486487 0.046263345195729534
3 0.5154440154440154 0.022538552787663108 0.05328185328185328 0.022538552787663108
3 0.4671814671814672 0.036180308422301306 0.032432432432432434 0.018979833926453145
3 0.41544401544401544 0.07473309608540925 0.050965250965250966 0.03440094899169632
3 0.3416988416988417 0.08778173190984578 0.06177606177606178 0.03914590747330961
3 0.2845559845559846 0.09549228944246738 0.05637065637065637 0.04033214709371293
3 0.21274131274131275 0.10616844602609728 0.06563706563706563 0.03914590747330961
3 0.11042471042471043 0.13167259786476868 0.0694980694980695 0.045077105575326216