3 0.4875 0.6819444444444445 0.61875 0.6347222222222222
3 0.39921875 0.5618055555555556 0.10390625 0.1
3 0.560546875 0.42083333333333334 0.04453125 0.041666666666666664
3 0.1796875 0.9361111111111111 0.196875 0.12777777777777777
3 0.68203125 0.7208333333333333 0.3375 0.5444444444444444
3 0.67734375 0.3576388888888889 0.1703125 0.10555555555555556
3 0.505859375 0.4798611111111111 0.07109375 0.06666666666666667
3 0.44609375 0.49027777777777776 0.06875 0.07222222222222222
3 0.779296875 0.3104166666666667 0.05 0.05416666666666667
3 0.71640625 0.28958333333333336 0.10234375 0.075
3 0.826171875 0.21041666666666667 0.0890625 0.06944444444444445