3 0.30859375 0.8048611111111111 0.18203125 0.37777777777777777
3 0.093359375 0.6756944444444445 0.15625 0.18611111111111112
3 0.3765625 0.5569444444444445 0.13203125 0.12638888888888888
3 0.487890625 0.6284722222222222 0.08984375 0.09027777777777778
3 0.603515625 0.7729166666666667 0.12578125 0.16666666666666666
3 0.865625 0.9215277777777777 0.225 0.15694444444444444
3 0.80859375 0.7243055555555555 0.11640625 0.10833333333333334
3 0.716796875 0.5694444444444444 0.103125 0.09861111111111111
3 0.55859375 0.5458333333333333 0.10546875 0.07777777777777778
3 0.548828125 0.48819444444444443 0.11015625 0.05555555555555555
3 0.60703125 0.4527777777777778 0.07109375 0.06666666666666667
3 0.67265625 0.45416666666666666 0.05625 0.06111111111111111
3 0.638671875 0.3958333333333333 0.0859375 0.059722222222222225
3 0.59765625 0.35 0.07421875 0.043055555555555555
3 0.519921875 0.34097222222222223 0.0578125 0.03194444444444444
3 0.531640625 0.3659722222222222 0.053125 0.0375
3 0.504296875 0.4152777777777778 0.0921875 0.06111111111111111
3 0.380859375 0.41458333333333336 0.14375 0.10138888888888889
3 0.1234375 0.37222222222222223 0.234375 0.18333333333333332
3 0.259375 0.45 0.06484375 0.08194444444444444
3 0.315625 0.32222222222222224 0.0203125 0.04722222222222222
3 0.37421875 0.32083333333333336 0.03984375 0.03194444444444444
3 0.416796875 0.29791666666666666 0.03046875 0.020833333333333332
3 0.4375 0.3138888888888889 0.034375 0.027777777777777776
3 0.496875 0.30972222222222223 0.04140625 0.02638888888888889
3 0.5109375 0.29583333333333334 0.0484375 0.02361111111111111
3 0.44296875 0.27708333333333335 0.034375 0.022222222222222223
3 0.49921875 0.2513888888888889 0.05390625 0.030555555555555555
3 0.499609375 0.20902777777777778 0.03125 0.018055555555555554
3 0.493359375 0.22916666666666666 0.025 0.02361111111111111
3 0.950390625 0.6979166666666666 0.059375 0.075