3 0.80875 0.6975 0.27 0.2375
3 0.45416666666666666 0.69125 0.22333333333333333 0.14625
3 0.45666666666666667 0.800625 0.20166666666666666 0.115
3 0.31375 0.9275 0.24416666666666667 0.145
3 0.2125 0.978125 0.275 0.04375
3 0.1175 0.8375 0.14083333333333334 0.115
3 0.06583333333333333 0.773125 0.07833333333333334 0.08375
3 0.20625 0.74625 0.09666666666666666 0.08
3 0.4895833333333333 0.619375 0.2025 0.1025
3 0.5654166666666667 0.5575 0.12333333333333334 0.06125
3 0.63375 0.57875 0.12666666666666668 0.0725
3 0.7608333333333334 0.5425 0.0675 0.04
3 0.9516666666666667 0.6125 0.09666666666666666 0.2