3 0.66875 0.8236111111111111 0.1921875 0.3527777777777778
3 0.891796875 0.7625 0.1609375 0.1986111111111111
3 0.61875 0.5833333333333334 0.134375 0.1388888888888889
3 0.503125 0.6298611111111111 0.0921875 0.09722222222222222
3 0.378515625 0.7486111111111111 0.13046875 0.17777777777777778
3 0.1109375 0.8541666666666666 0.221875 0.20555555555555555
3 0.178515625 0.65625 0.11953125 0.11944444444444445
3 0.280078125 0.5222222222222223 0.10546875 0.10833333333333334
3 0.438671875 0.5326388888888889 0.10703125 0.0875
3 0.45234375 0.4777777777777778 0.1109375 0.06527777777777778
3 0.396875 0.42986111111111114 0.07265625 0.07361111111111111
3 0.331640625 0.4173611111111111 0.0578125 0.06527777777777778
3 0.369140625 0.36666666666666664 0.0875 0.06666666666666667
3 0.413671875 0.3298611111111111 0.075 0.05
3 0.491015625 0.3375 0.05859375 0.0375
3 0.477734375 0.36041666666666666 0.05390625 0.041666666666666664
3 0.5015625 0.41458333333333336 0.09375 0.06944444444444445
3 0.62421875 0.4409722222222222 0.14609375 0.11388888888888889
3 0.881640625 0.4534722222222222 0.23671875 0.20416666666666666
3 0.7421875 0.5027777777777778 0.06640625 0.0875
3 0.6953125 0.36319444444444443 0.02109375 0.04861111111111111
3 0.637109375 0.35 0.040625 0.03611111111111111
3 0.596484375 0.3173611111111111 0.03046875 0.02361111111111111
3 0.575 0.32916666666666666 0.03515625 0.030555555555555555
3 0.516015625 0.31180555555555556 0.0421875 0.030555555555555555
3 0.503125 0.2951388888888889 0.0484375 0.027777777777777776
3 0.571875 0.29097222222222224 0.034375 0.025
3 0.51796875 0.25277777777777777 0.0546875 0.034722222222222224
3 0.5203125 0.2111111111111111 0.03125 0.020833333333333332
3 0.525 0.2326388888888889 0.02578125 0.02638888888888889
3 0.039453125 0.5986111111111111 0.06171875 0.08055555555555556