3 0.3813559322033898 0.8415142857142857 0.47352542372881357 0.2508857142857142
3 0.1483050847457627 0.7607142857142857 0.2860169491525424 0.18571428571428572
3 0.3937966101694915 0.6616 0.23676271186440678 0.13214285714285715
3 0.5211864406779662 0.5928571428571429 0.16844067796610168 0.12142857142857143
3 0.44942372881355935 0.5107142857142857 0.13083050847457622 0.0768
3 0.5603898305084746 0.45045714285714283 0.057203389830508475 0.05268571428571428
3 0.6136101694915254 0.4816857142857143 0.10010169491525414 0.06160000000000001
3 0.683 0.5151714285714286 0.10433898305084736 0.05894285714285713
3 0.7100169491525424 0.8486571428571428 0.10116949152542364 0.11340000000000015
3 0.7629830508474577 0.5062571428571429 0.04077966101694906 0.04642857142857143
3 0.6840508474576271 0.5968857142857142 0.09057627118644057 0.0634
3 0.797406779661017 0.45311428571428575 0.09586440677966092 0.08125714285714285
3 0.7364915254237288 0.3924 0.14459322033898295 0.06160000000000001
3 0.645135593220339 0.4102571428571429 0.0858135593220339 0.034828571428571424
3 0.6684406779661017 0.4459714285714286 0.11016949152542373 0.0384
3 0.6014237288135593 0.37097142857142856 0.12340677966101705 0.033028571428571435
3 0.6006440677966102 0.33525714285714286 0.06991525423728813 0.024114285714285706
3 0.6692203389830508 0.3151714285714286 0.08422033898305074 0.04285714285714286
3 0.3164745762711864 0.5616 0.0916271186440678 0.07142857142857142
3 0.2221864406779661 0.5718857142857143 0.09693220338983051 0.07054285714285714