3 0.7703091190108191 0.739480198019802 0.31408037094281305 0.29259900990099014
3 0.5956105100463679 0.4327227722772277 0.13468315301391034 0.11581683168316836
3 0.4490571870170016 0.4150495049504951 0.07451313755795987 0.05215346534653464
3 0.44850077279752704 0.46056930693069303 0.05465224111282846 0.030049504950495017
3 0.4589799072642967 0.5162623762376237 0.04029366306027828 0.0477475247524753
3 0.22080370942812985 0.6413613861386139 0.13689335394126737 0.1051980198019802
3 0.03726429675425039 0.6391336633663366 0.07451313755795982 0.10076732673267329
3 0.16642967542503864 0.5551732673267327 0.1606336939721793 0.10254950495049507
3 0.15676970633693973 0.5043316831683168 0.19650695517774341 0.0839851485148515
3 0.22825347758887174 0.4278712871287129 0.085564142194745 0.06542079207920794
3 0.09108191653786708 0.4406930693069307 0.10709428129829986 0.06631188118811886
3 0.15565687789799074 0.3606683168316832 0.14904173106646063 0.11138613861386139
3 0.26826893353941267 0.3611138613861386 0.0750695517774343 0.04685643564356437
3 0.32180834621329213 0.32089108910891084 0.059613601236476035 0.02829207920792081
3 0.3657032457496136 0.3673019801980198 0.04581143740340029 0.045074257425742524
3 0.49789799072642965 0.32930693069306927 0.17001545595054096 0.08220297029702969
3 0.5415146831530139 0.297029702970297 0.05961360123647612 0.04950495049504951
3 0.5765687789799073 0.27051980198019804 0.04692426584234933 0.03888613861386141
3 0.5619319938176198 0.24222772277227722 0.05299845440494585 0.0318316831683168
3 0.2793044822256569 0.2568069306930693 0.08610510046367849 0.045074257425742593
3 0.03063369397217929 0.3757178217821782 0.06126738794435858 0.06717821782178214
3 0.3474806800618238 0.22188118811881188 0.07451313755795978 0.04596534653465345
3 0.41013910355486866 0.2457673267326733 0.05188562596599694 0.05126237623762378