3 0.681575 0.6804584040747029 0.581575 0.2153480475382004
3 0.6855249999999999 0.9315959252971138 0.36315 0.13680814940577246
3 0.85 0.5513412563667233 0.3 0.06612903225806459
3 0.592775 0.4780645161290322 0.33814999999999995 0.04825127334465188
3 0.594075 0.4409847198641766 0.314475 0.03663837011884552
3 0.319075 0.3846859083191851 0.156575 0.03842105263157894
3 0.54145 0.3953989813242784 0.19867499999999993 0.029490662139219023
3 0.914475 0.3873684210526316 0.1710499999999999 0.09561969439728352
3 0.9460500000000001 0.34804753820033957 0.10789999999999993 0.05451612903225809
3 0.25395 0.349830220713073 0.12104999999999996 0.03842105263157894
3 0.586175 0.2913073005093379 0.18290000000000006 0.06432937181663835