3 0.3892663043478261 0.7189748201438849 0.2758152173913043 0.1393884892086331
3 0.2139945652173913 0.5885791366906474 0.10190217391304347 0.08183453237410072
3 0.11548913043478261 0.5535071942446043 0.11820652173913043 0.05485611510791367
3 0.32914402173913043 0.5364208633093526 0.12703804347826086 0.07823741007194245
3 0.5349864130434783 0.4518884892086331 0.13654891304347827 0.05845323741007194
3 0.7690217391304348 0.5422661870503597 0.10733695652173914 0.052158273381294966
3 0.7527173913043478 0.4748201438848921 0.10190217391304347 0.046762589928057555
3 0.6769701086956522 0.4779676258992806 0.08220108695652174 0.0368705035971223
3 0.6368885869565217 0.37994604316546765 0.04823369565217391 0.0368705035971223
3 0.7805706521739131 0.39568345323741005 0.06793478260869565 0.06294964028776978
3 0.8145380434782609 0.4590827338129496 0.04891304347826087 0.04946043165467626
3 0.8790760869565217 0.45368705035971224 0.04755434782608696 0.03147482014388489
3 0.8386548913043478 0.4973021582733813 0.04008152173913043 0.039568345323741004
3 0.9188179347826086 0.49685251798561153 0.06997282608695653 0.044064748201438846
3 0.9493885869565217 0.5764388489208633 0.06861413043478261 0.06294964028776978