3 0.575 0.5213133640552995 0.2203125 0.21313364055299538
3 0.547265625 0.8179723502304147 0.2859375 0.2903225806451613
3 0.098828125 0.6900921658986175 0.13515625 0.16244239631336405
3 0.327734375 0.3565668202764977 0.05546875 0.056451612903225805
3 0.3734375 0.32027649769585254 0.08359375 0.06105990783410138
3 0.4140625 0.3663594470046083 0.09921875 0.07142857142857142
3 0.403125 0.4055299539170507 0.109375 0.08410138248847926
3 0.485546875 0.3358294930875576 0.07265625 0.0576036866359447
3 0.551171875 0.3824884792626728 0.1453125 0.08525345622119816
3 0.658984375 0.43951612903225806 0.16484375 0.0944700460829493
3 0.68125 0.37442396313364057 0.12265625 0.07142857142857142
3 0.609375 0.32085253456221197 0.0734375 0.04838709677419355
3 0.5765625 0.3369815668202765 0.065625 0.052995391705069124
3 0.582421875 0.29723502304147464 0.09375 0.06105990783410138
3 0.564453125 0.26036866359447003 0.04921875 0.03456221198156682
3 0.48046875 0.25172811059907835 0.09375 0.04838709677419355
3 0.426171875 0.28398617511520735 0.07734375 0.0576036866359447
3 0.4859375 0.22004608294930875 0.04453125 0.04377880184331797
3 0.5484375 0.23559907834101382 0.0640625 0.04723502304147465
3 0.52734375 0.19873271889400923 0.0515625 0.052995391705069124
3 0.575 0.19873271889400923 0.0421875 0.038018433179723504
3 0.641015625 0.21889400921658986 0.053125 0.05184331797235023
3 0.62734375 0.2563364055299539 0.06484375 0.052995391705069124
3 0.6890625 0.266705069124424 0.03984375 0.03917050691244239
3 0.6109375 0.17972350230414746 0.05546875 0.041474654377880185
3 0.64140625 0.1497695852534562 0.04609375 0.024193548387096774
3 0.670703125 0.17511520737327188 0.0390625 0.02880184331797235
3 0.70234375 0.14400921658986174 0.05546875 0.03686635944700461
3 0.8859375 0.9366359447004609 0.1671875 0.12672811059907835