3 0.7820710973724884 0.7004950495049505 0.32921174652241114 0.3341584158415842
3 0.5919629057187017 0.41955445544554454 0.14064914992272023 0.13366336633663367
3 0.44435857805255025 0.422029702970297 0.07727975270479134 0.06188118811881188
3 0.446676970633694 0.46782178217821785 0.05564142194744977 0.03712871287128713
3 0.4598145285935085 0.5222772277227723 0.04327666151468315 0.05198019801980198
3 0.22952086553323028 0.6794554455445545 0.14219474497681608 0.12376237623762376
3 0.04636785162287481 0.7029702970297029 0.080370942812983 0.11138613861386139
3 0.17078825347758886 0.6014851485148515 0.16537867078825347 0.12376237623762376
3 0.15842349304482226 0.551980198019802 0.2009273570324575 0.11138613861386139
3 0.22565687789799072 0.4665841584158416 0.08809891808346214 0.07673267326732673
3 0.08964451313755796 0.4975247524752475 0.10973724884080371 0.08168316831683169
3 0.1491499227202473 0.40965346534653463 0.1545595054095827 0.1311881188118812
3 0.26197836166924265 0.3935643564356436 0.07727975270479134 0.05693069306930693
3 0.31298299845440497 0.3465346534653465 0.06027820710973725 0.03712871287128713
3 0.35935085007727974 0.38613861386138615 0.04791344667697063 0.05198019801980198
3 0.4884080370942813 0.33044554455445546 0.1731066460587326 0.10643564356435643
3 0.5301391035548686 0.29207920792079206 0.061823802163833076 0.05693069306930693
3 0.5641421947449768 0.26113861386138615 0.04945904173106646 0.04455445544554455
3 0.5479134466769706 0.23514851485148514 0.05409582689335394 0.039603960396039604
3 0.26661514683153015 0.28836633663366334 0.08809891808346214 0.05693069306930693
3 0.0285935085007728 0.4405940594059406 0.0571870170015456 0.07425742574257425
3 0.3330757341576507 0.2438118811881188 0.07727975270479134 0.05693069306930693
3 0.3964451313755796 0.25866336633663367 0.05409582689335394 0.0594059405940594