3 0.566875 0.515 0.28625 0.19
3 0.37 0.3933333333333333 0.1825 0.14833333333333334
3 0.1525 0.5116666666666667 0.1975 0.13
3 0.156875 0.64 0.23625 0.14
3 0.215 0.7958333333333333 0.28875 0.22
3 0.82875 0.8241666666666667 0.2775 0.265
3 0.614375 0.1675 0.14125 0.08
3 0.430625 0.19916666666666666 0.175 0.085
3 0.324375 0.2816666666666667 0.155 0.07
3 0.255625 0.18583333333333332 0.1425 0.09166666666666666
3 0.135 0.1475 0.065 0.04
3 0.204375 0.07583333333333334 0.06125 0.04
3 0.321875 0.09916666666666667 0.13 0.06166666666666667
3 0.410625 0.13166666666666665 0.12875 0.055
3 0.4425 0.06916666666666667 0.12625 0.05333333333333334
3 0.551875 0.09833333333333333 0.1125 0.055
3 0.610625 0.05333333333333334 0.08125 0.03833333333333333
3 0.676875 0.0275 0.06625 0.03333333333333333
3 0.6975 0.07166666666666667 0.095 0.041666666666666664
3 0.736875 0.12 0.105 0.04833333333333333
3 0.903125 0.043333333333333335 0.0725 0.03333333333333333
3 0.801875 0.08166666666666667 0.07 0.028333333333333332