3 0.5957627118644068 0.8457142857142858 0.4864406779661017 0.30857142857142855
3 0.8338983050847457 0.8214285714285714 0.2966101694915254 0.2342857142857143
3 0.5957627118644068 0.68 0.2440677966101695 0.1742857142857143
3 0.4728813559322034 0.5885714285714285 0.17457627118644067 0.15142857142857144
3 0.55 0.52 0.13559322033898305 0.1
3 0.44322033898305085 0.44 0.059322033898305086 0.06285714285714286
3 0.38813559322033897 0.4614285714285714 0.10338983050847457 0.08
3 0.3169491525423729 0.4828571428571429 0.10677966101694915 0.07714285714285714
3 0.26949152542372884 0.81 0.10847457627118644 0.13142857142857142
3 0.23813559322033898 0.46 0.04406779661016949 0.054285714285714284
3 0.31101694915254235 0.5642857142857143 0.09322033898305085 0.08
3 0.20677966101694914 0.4014285714285714 0.1 0.09714285714285714
3 0.2711864406779661 0.3514285714285714 0.14745762711864407 0.08571428571428572
3 0.3610169491525424 0.38571428571428573 0.08813559322033898 0.04857142857142857
3 0.33559322033898303 0.41714285714285715 0.11186440677966102 0.05714285714285714
3 0.4067796610169492 0.35428571428571426 0.12542372881355932 0.054285714285714284
3 0.4101694915254237 0.31857142857142856 0.0711864406779661 0.037142857142857144
3 0.3432203389830508 0.2857142857142857 0.08644067796610169 0.05714285714285714
3 0.6788135593220339 0.5942857142857143 0.09491525423728814 0.08857142857142856
3 0.7720338983050847 0.62 0.1 0.08857142857142856