3 0.5896739130434783 0.7356115107913669 0.2866847826086957 0.18345323741007194
3 0.7758152173913043 0.6339928057553957 0.10869565217391304 0.09712230215827339
3 0.8770380434782609 0.6151079136690647 0.12228260869565218 0.0737410071942446
3 0.6664402173913043 0.5638489208633094 0.1331521739130435 0.09892086330935251
3 0.469429347826087 0.44694244604316546 0.14130434782608695 0.08093525179856115
3 0.22894021739130435 0.4982014388489209 0.11141304347826086 0.0683453237410072
3 0.2513586956521739 0.43435251798561153 0.10597826086956522 0.06294964028776978
3 0.32608695652173914 0.44964028776978415 0.08559782608695653 0.050359712230215826
3 0.375 0.35881294964028776 0.051630434782608696 0.044964028776978415
3 0.23097826086956522 0.3516187050359712 0.07336956521739131 0.0737410071942446
3 0.19157608695652173 0.40827338129496404 0.05298913043478261 0.05755395683453238
3 0.12771739130434784 0.39298561151079137 0.050271739130434784 0.039568345323741004
3 0.1644021739130435 0.44244604316546765 0.043478260869565216 0.044964028776978415
3 0.08491847826086957 0.4289568345323741 0.07336956521739131 0.05575539568345324
3 0.046875 0.5035971223021583 0.07336956521739131 0.0737410071942446