3 0.4110169491525424 0.8428571428571429 0.48983050847457626 0.3142857142857143
3 0.17288135593220338 0.84 0.2983050847457627 0.25142857142857145
3 0.40847457627118644 0.6842857142857143 0.2457627118644068 0.18571428571428572
3 0.5288135593220339 0.5871428571428572 0.17627118644067796 0.16
3 0.45084745762711864 0.5228571428571429 0.13559322033898305 0.10571428571428572
3 0.5559322033898305 0.43714285714285717 0.061016949152542375 0.06571428571428571
3 0.6110169491525423 0.45571428571428574 0.10338983050847457 0.08571428571428572
3 0.6822033898305084 0.4714285714285714 0.10847457627118644 0.08285714285714285
3 0.7364406779661017 0.7957142857142857 0.11016949152542373 0.13714285714285715
3 0.7610169491525424 0.4442857142857143 0.04406779661016949 0.054285714285714284
3 0.690677966101695 0.5528571428571428 0.09491525423728814 0.08285714285714285
3 0.7906779661016949 0.3842857142857143 0.1016949152542373 0.10285714285714286
3 0.7254237288135593 0.3385714285714286 0.14745762711864407 0.09428571428571429
3 0.6364406779661017 0.37714285714285717 0.08813559322033898 0.054285714285714284
3 0.6627118644067796 0.40714285714285714 0.11186440677966102 0.06285714285714286
3 0.5898305084745763 0.3485714285714286 0.12542372881355932 0.06285714285714286
3 0.5864406779661017 0.31285714285714283 0.0711864406779661 0.04
3 0.652542372881356 0.27714285714285714 0.08644067796610169 0.06285714285714286
3 0.32372881355932204 0.6042857142857143 0.09661016949152543 0.09142857142857143
3 0.2305084745762712 0.6357142857142857 0.1016949152542373 0.09142857142857143