3 0.133 0.8552338530066815 0.1 0.111358574610245
3 0.341 0.7750556792873051 0.216 0.18930957683741648
3 0.522 0.7806236080178174 0.276 0.18262806236080179
3 0.772 0.8452115812917594 0.23 0.2717149220489978
3 0.506 0.9543429844097996 0.196 0.09131403118040089
3 0.364 0.6258351893095768 0.12 0.0801781737193764
3 0.504 0.6158129175946548 0.188 0.0957683741648107
3 0.604 0.655902004454343 0.198 0.11581291759465479
3 0.75 0.6425389755011136 0.152 0.08240534521158129
3 0.808 0.5846325167037862 0.154 0.08908685968819599
3 0.692 0.5356347438752784 0.248 0.07349665924276169
3 0.535 0.5690423162583519 0.068 0.053452115812917596
3 0.74 0.47216035634743875 0.154 0.08685968819599109