3 0.5760234375 0.5077995391705069 0.20732812500000009 0.1772465437788018
3 0.573015625 0.806889400921659 0.26742968749999996 0.2437096774193548
3 0.117484375 0.7608064516129032 0.12439843750000001 0.14091013824884788
3 0.3170078125 0.3886059907834101 0.05228124999999997 0.04697004608294929
3 0.359671875 0.3442972350230415 0.07992968749999996 0.04697004608294929
3 0.40354687499999997 0.38284562211981565 0.09555468749999996 0.054942396313363985
3 0.39603125 0.42360599078341016 0.10457031250000001 0.0655760368663594
3 0.4720546875 0.33986175115207373 0.06910937500000003 0.045195852534562236
3 0.5411640625 0.3739861751152074 0.14122656249999999 0.060264976958525285
3 0.6529453125 0.4111981566820277 0.16045312500000009 0.0655760368663594
3 0.66946875 0.3425230414746544 0.11899218749999996 0.05051843317972353
3 0.59375 0.3026382488479263 0.07091406249999999 0.03633640552995391
3 0.5625 0.32435483870967746 0.0625 0.04253456221198152
3 0.565203125 0.2840322580645161 0.09074218750000007 0.0451958525345622
3 0.544171875 0.250794930875576 0.047476562499999986 0.026589861751152057
3 0.46003906250000004 0.2570046082949309 0.09194531250000004 0.03190092165898617
3 0.40895312500000003 0.2986520737327189 0.07392187499999996 0.044308755760368676
3 0.46274218749999996 0.22465437788018433 0.04207031249999993 0.036336405529953944
3 0.526140625 0.22908986175115206 0.061898437500000014 0.036336405529953944
3 0.50240625 0.195852534562212 0.04807812499999997 0.04430875576036864
3 0.549578125 0.18743087557603685 0.04026562499999997 0.031013824884792644
3 0.616890625 0.1954147465437788 0.04988281249999993 0.043421658986175116
3 0.6060703125 0.2352880184331797 0.061898437500000014 0.041647465437787995
3 0.668265625 0.23440092165898618 0.03725781250000004 0.0327880184331797
3 0.5838359375 0.16217741935483873 0.05348437500000003 0.03190092165898617
3 0.6114765625 0.12672811059907835 0.04507031250000004 0.015956221198156675
3 0.6427265625 0.1466705069124424 0.03785937500000003 0.022154377880184338
3 0.671578125 0.11033410138248848 0.05348437500000003 0.027476958525345617
3 0.92265625 0.9066820276497696 0.153125 0.18663594470046083