3 0.4325 0.5075 0.2975 0.22333333333333333
3 0.63625 0.4083333333333333 0.19125 0.17
3 0.845 0.5516666666666666 0.205 0.15166666666666667
3 0.833125 0.68 0.245 0.16666666666666666
3 0.765 0.8275 0.3025 0.25166666666666665
3 0.15125 0.785 0.29375 0.2966666666666667
3 0.4075 0.15583333333333332 0.145 0.09666666666666666
3 0.58875 0.20833333333333334 0.18 0.105
3 0.68875 0.3025 0.15875 0.08833333333333333
3 0.76375 0.215 0.1475 0.10833333333333334
3 0.886875 0.19083333333333333 0.06625 0.04833333333333333
3 0.8225 0.11166666666666666 0.06375 0.04666666666666667
3 0.70375 0.12166666666666667 0.13375 0.07666666666666666
3 0.613125 0.14333333333333334 0.13125 0.06833333333333333
3 0.585 0.0775 0.12875 0.06666666666666667
3 0.475 0.09416666666666666 0.11625 0.06833333333333333
3 0.41875 0.0425 0.08375 0.04833333333333333
3 0.35375 0.014166666666666666 0.0675 0.028333333333333332
3 0.33125 0.05 0.0975 0.051666666666666666
3 0.28875 0.09333333333333334 0.1075 0.06
3 0.12875 0.009166666666666667 0.075 0.018333333333333333
3 0.226875 0.04833333333333333 0.0725 0.03666666666666667