3 0.433125 0.515 0.28625 0.19
3 0.6299375 0.3929833333333333 0.18223750000000002 0.14911666666666662
3 0.8473625 0.5114 0.19736250000000014 0.12981666666666664
3 0.843425 0.64035 0.23683750000000003 0.14035000000000006
3 0.7852 0.7956166666666666 0.2888124999999999 0.21929999999999997
3 0.17105 0.8245666666666667 0.27763750000000004 0.26491666666666674
3 0.385525 0.16755 0.14078749999999998 0.08070000000000002
3 0.569075 0.19956666666666667 0.175 0.0850833333333333
3 0.675325 0.2815833333333333 0.15460000000000007 0.07018333333333336
3 0.744075 0.18553333333333333 0.1421000000000001 0.09209999999999999
3 0.8651375 0.14736666666666667 0.06447499999999991 0.04035000000000001
3 0.795725 0.07543333333333332 0.061187500000000054 0.04034999999999999
3 0.6779625 0.09956666666666666 0.12960000000000008 0.062283333333333316
3 0.58915 0.13158333333333333 0.1282875 0.054383333333333325
3 0.5572375 0.0693 0.12631249999999994 0.05263333333333333
3 0.44835 0.09868333333333332 0.1125 0.05526666666666665
3 0.38915 0.053516666666666664 0.08092500000000001 0.038599999999999995
3 0.323025 0.027200000000000002 0.0657875 0.03333333333333333
3 0.3026375 0.07148333333333333 0.09473749999999999 0.04123333333333332
3 0.262825 0.11973333333333334 0.10460000000000001 0.048249999999999994
3 0.0970375 0.04298333333333333 0.073025 0.03333333333333333
3 0.19835 0.08158333333333334 0.07039999999999999 0.028066666666666674