3 0.63 0.7183333333333334 0.16 0.15666666666666668
3 0.545 0.8716666666666667 0.395 0.25666666666666665
3 0.34875 0.6433333333333333 0.165 0.25333333333333335
3 0.72375 0.49166666666666664 0.1775 0.17666666666666667
3 0.68625 0.37666666666666665 0.0875 0.07
3 0.85625 0.42 0.0825 0.07666666666666666
3 0.9675 0.495 0.065 0.09666666666666666
3 0.975 0.4166666666666667 0.05 0.08333333333333333
3 0.97375 0.35833333333333334 0.035 0.04666666666666667
3 0.9125 0.3283333333333333 0.0775 0.07
3 0.77625 0.34833333333333333 0.075 0.06333333333333334
3 0.61375 0.30833333333333335 0.3425 0.16666666666666666
3 0.42 0.405 0.195 0.13666666666666666
3 0.39375 0.3616666666666667 0.0875 0.05333333333333334
3 0.19875 0.44166666666666665 0.1425 0.21666666666666667
3 0.38375 0.31833333333333336 0.035 0.03
3 0.41875 0.28833333333333333 0.0525 0.04666666666666667