3 0.63625 0.7133333333333334 0.1625 0.16333333333333333
3 0.55375 0.865 0.3975 0.27
3 0.3525 0.65 0.17 0.26
3 0.7225 0.4816666666666667 0.18 0.18333333333333332
3 0.6825 0.36666666666666664 0.09 0.07333333333333333
3 0.85375 0.4033333333333333 0.0825 0.08
3 0.9675 0.47333333333333333 0.065 0.1
3 0.9725 0.395 0.0525 0.08666666666666667
3 0.97 0.33666666666666667 0.0375 0.04666666666666667
3 0.90875 0.30833333333333335 0.0775 0.07333333333333333
3 0.7725 0.335 0.075 0.06666666666666667
3 0.60875 0.30333333333333334 0.3425 0.18
3 0.4175 0.4083333333333333 0.1975 0.14333333333333334
3 0.39 0.36666666666666664 0.0875 0.06
3 0.1975 0.455 0.1475 0.22333333333333333
3 0.38 0.3233333333333333 0.035 0.03
3 0.41375 0.2916666666666667 0.0525 0.04666666666666667