3 0.3275 0.6850594227504244 0.5925 0.22920203735144312
3 0.335 0.931239388794567 0.37 0.13752122241086587
3 0.1525 0.5594227504244482 0.3025 0.0730050933786078
3 0.40625 0.48047538200339557 0.34 0.05602716468590832
3 0.4025 0.4431239388794567 0.315 0.044142614601018676
3 0.675 0.38030560271646857 0.1575 0.042444821731748725
3 0.45375 0.39643463497453313 0.2 0.03395585738539898
3 0.08375 0.39643463497453313 0.1675 0.100169779286927
3 0.05 0.35823429541595925 0.1 0.057724957555178265
3 0.73875 0.3438030560271647 0.1225 0.04074702886247878
3 0.40375 0.2937181663837012 0.185 0.06791171477079797