3 0.423828125 0.4959677419354839 0.21875 0.20852534562211983
3 0.40546875 0.793778801843318 0.28359375 0.2834101382488479
3 0.862109375 0.8185483870967742 0.13359375 0.15898617511520738
3 0.68984375 0.4176267281105991 0.05546875 0.055299539170506916
3 0.65078125 0.36693548387096775 0.0828125 0.0587557603686636
3 0.604296875 0.3986175115207373 0.09921875 0.06912442396313365
3 0.608984375 0.4400921658986175 0.10859375 0.08179723502304148
3 0.5390625 0.3450460829493088 0.071875 0.055299539170506916
3 0.46796875 0.3680875576036866 0.14453125 0.08179723502304148
3 0.354296875 0.3882488479262673 0.1640625 0.08986175115207373
3 0.342578125 0.3173963133640553 0.121875 0.06912442396313365
3 0.420703125 0.2891705069124424 0.0734375 0.04723502304147465
3 0.450390625 0.315668202764977 0.06484375 0.05184331797235023
3 0.450390625 0.27534562211981567 0.09375 0.0587557603686636
3 0.473828125 0.24539170506912442 0.04921875 0.03341013824884793
3 0.55703125 0.26440092165898615 0.09375 0.04608294930875576
3 0.6046875 0.31394009216589863 0.0765625 0.055299539170506916
3 0.556640625 0.23214285714285715 0.04453125 0.04262672811059908
3 0.493359375 0.22638248847926268 0.0640625 0.04608294930875576
3 0.519140625 0.19700460829493088 0.05078125 0.05184331797235023
3 0.47265625 0.1814516129032258 0.0421875 0.03686635944700461
3 0.40546875 0.179147465437788 0.05234375 0.05069124423963134
3 0.41328125 0.2206221198156682 0.06484375 0.05069124423963134
3 0.3515625 0.20967741935483872 0.0390625 0.038018433179723504
3 0.440625 0.15092165898617513 0.05546875 0.04032258064516129
3 0.415625 0.11175115207373272 0.04609375 0.02304147465437788
3 0.383203125 0.12672811059907835 0.0390625 0.027649769585253458
3 0.35703125 0.0858294930875576 0.05546875 0.03571428571428571
3 0.066796875 0.8387096774193549 0.13359375 0.20967741935483872