3 0.6375 0.6977928692699491 0.625 0.27504244482173174
3 0.5825 0.9295415959252971 0.39 0.14091680814940577
3 0.83375 0.5882852292020373 0.3125 0.0967741935483871
3 0.59625 0.48811544991511036 0.345 0.0831918505942275
3 0.60625 0.45161290322580644 0.32 0.06960950764006792
3 0.3475 0.366723259762309 0.1625 0.05432937181663837
3 0.565 0.400679117147708 0.2025 0.050933786078098474
3 0.92 0.432937181663837 0.16 0.11205432937181664
3 0.9575 0.39728353140916806 0.085 0.06451612903225806
3 0.29125 0.32512733446519526 0.1275 0.050933786078098474
3 0.63375 0.3030560271646859 0.195 0.0831918505942275