3 0.6019021739130435 0.7266187050359713 0.28125 0.15827338129496402
3 0.7819293478260869 0.6079136690647482 0.10461956521739131 0.08812949640287769
3 0.8817934782608695 0.5800359712230215 0.11956521739130435 0.06294964028776978
3 0.6691576086956522 0.5485611510791367 0.13043478260869565 0.08633093525179857
3 0.46671195652173914 0.44964028776978415 0.13858695652173914 0.0683453237410072
3 0.2296195652173913 0.5233812949640287 0.10869565217391304 0.05935251798561151
3 0.24864130434782608 0.4577338129496403 0.10326086956521739 0.0539568345323741
3 0.32404891304347827 0.4658273381294964 0.08288043478260869 0.04316546762589928
3 0.36820652173913043 0.37050359712230213 0.050271739130434784 0.039568345323741004
3 0.22418478260869565 0.3767985611510791 0.07065217391304347 0.0683453237410072
3 0.1875 0.4370503597122302 0.050271739130434784 0.052158273381294966
3 0.12296195652173914 0.427158273381295 0.04891304347826087 0.0341726618705036
3 0.16168478260869565 0.4739208633093525 0.042119565217391304 0.04316546762589928
3 0.08220108695652174 0.4676258992805755 0.07201086956521739 0.048561151079136694
3 0.04823369565217391 0.5449640287769785 0.07065217391304347 0.0683453237410072