3 0.838 0.8897550111358574 0.108 0.12026726057906459
3 0.637 0.7895322939866369 0.226 0.2071269487750557
3 0.456 0.77728285077951 0.286 0.2071269487750557
3 0.202 0.8173719376391982 0.246 0.289532293986637
3 0.457 0.9487750556792873 0.202 0.10244988864142539
3 0.626 0.6380846325167038 0.124 0.09131403118040089
3 0.487 0.6146993318485523 0.192 0.111358574610245
3 0.384 0.6447661469933185 0.202 0.133630289532294
3 0.239 0.6180400890868597 0.156 0.0957683741648107
3 0.187 0.5545657015590201 0.158 0.10244988864142539
3 0.306 0.5167037861915368 0.25 0.0957683741648107
3 0.46 0.5657015590200446 0.072 0.060133630289532294
3 0.263 0.4487750556792873 0.158 0.10022271714922049