3 0.39392499999999997 0.741 0.14864999999999998 0.13063333333333332
3 0.49627499999999997 0.8905333333333334 0.375 0.21893333333333326
3 0.664525 0.6144 0.14122500000000002 0.23063333333333333
3 0.27805 0.5337999999999999 0.1642 0.14683333333333337
3 0.30237499999999995 0.4117 0.0831 0.054066666666666666
3 0.13852499999999998 0.4865 0.075675 0.06306666666666672
3 0.031425 0.5824333333333332 0.06285 0.08739999999999991
3 0.020950000000000003 0.5063 0.04190000000000001 0.0774666666666667
3 0.016225 0.4477333333333333 0.03242500000000001 0.03963333333333329
3 0.072975 0.4058666666666667 0.071625 0.05856666666666669
3 0.210475 0.4004666666666667 0.06960000000000001 0.05136666666666666
3 0.36722499999999997 0.3310666666666666 0.3344499999999999 0.10540000000000002
3 0.568925 0.39143333333333336 0.18647500000000009 0.10180000000000002
3 0.590875 0.34323333333333333 0.08445000000000008 0.03963333333333329
3 0.792225 0.38603333333333334 0.1236500000000001 0.1973
3 0.5956 0.29863333333333336 0.033100000000000025 0.022533333333333305
3 0.5581 0.27523333333333333 0.04864999999999995 0.036933333333333374