3 0.23493044822256567 0.754950495049505 0.31993817619783615 0.3094059405940594
3 0.4026275115919629 0.4381188118811881 0.1375579598145286 0.12376237623762376
3 0.5486862442040186 0.4121287128712871 0.07573415765069552 0.05693069306930693
3 0.5502318392581144 0.45792079207920794 0.05564142194744977 0.03217821782178218
3 0.5417310664605873 0.5136138613861386 0.04173106646058733 0.04950495049504951
3 0.7820710973724884 0.6262376237623762 0.1391035548686244 0.11386138613861387
3 0.9629057187017002 0.6113861386138614 0.07418856259659969 0.10396039603960396
3 0.8346213292117465 0.5358910891089109 0.16228748068006182 0.11138613861386139
3 0.8431221020092736 0.48514851485148514 0.19783616692426584 0.09405940594059406
3 0.7697063369397218 0.4121287128712871 0.0865533230293663 0.06930693069306931
3 0.9072642967542504 0.4183168316831683 0.10819165378670788 0.07178217821782178
3 0.8408037094281299 0.3415841584158416 0.15146831530139104 0.1188118811881188
3 0.7287480680061824 0.34777227722772275 0.07573415765069552 0.05198019801980198
3 0.6738794435857806 0.31064356435643564 0.06027820710973725 0.03217821782178218
3 0.6313755795981453 0.36014851485148514 0.04636785162287481 0.04702970297029703
3 0.49845440494590415 0.3292079207920792 0.17156105100463678 0.09158415841584158
3 0.45440494590417313 0.2995049504950495 0.06027820710973725 0.05198019801980198
3 0.4188562596599691 0.2747524752475248 0.04791344667697063 0.04207920792079208
3 0.4327666151468315 0.24628712871287128 0.05409582689335394 0.034653465346534656
3 0.7156105100463679 0.24504950495049505 0.0865533230293663 0.04950495049504951
3 0.9659969088098919 0.349009900990099 0.0633693972179289 0.07178217821782178
3 0.6460587326120556 0.2141089108910891 0.07573415765069552 0.04950495049504951
3 0.5842349304482226 0.24133663366336633 0.05255023183925812 0.054455445544554455