3 0.11120000000000001 0.8262806236080178 0.09440000000000001 0.1042316258351892
3 0.324 0.7616926503340757 0.20479999999999998 0.17282850779510028
3 0.504 0.7817371937639198 0.26559999999999995 0.16302895322939875
3 0.75 0.865924276169265 0.2135999999999999 0.2547884187082405
3 0.4776 0.9579064587973275 0.192 0.08418708240534511
3 0.356 0.6146993318485523 0.11520000000000005 0.07126948775055679
3 0.49639999999999995 0.6160356347438753 0.18320000000000006 0.0810690423162583
3 0.594 0.6632516703786192 0.19120000000000004 0.10066815144766157
3 0.7407999999999999 0.6614699331848553 0.14720000000000005 0.07037861915367488
3 0.8016 0.6080178173719376 0.14879999999999996 0.07750556792873048
3 0.6896 0.5501113585746102 0.24479999999999996 0.054342984409799504
3 0.5304 0.5714922048997774 0.06559999999999996 0.04899777282850779
3 0.7407999999999999 0.49086859688195994 0.14879999999999996 0.07483296213808469