3 0.5015463917525773 0.7883720930232558 0.27835051546391754 0.4116279069767442
3 0.6087628865979381 0.8488372093023255 0.08453608247422681 0.08604651162790698
3 0.6690721649484536 0.6674418604651163 0.088659793814433 0.09302325581395349
3 0.8871134020618556 0.913953488372093 0.17422680412371133 0.17209302325581396
3 0.877319587628866 0.8197674418604651 0.07216494845360824 0.09302325581395349
3 0.6190721649484536 0.5406976744186046 0.2721649484536082 0.2
3 0.4484536082474227 0.42790697674418604 0.10103092783505155 0.1372093023255814
3 0.30927835051546393 0.4744186046511628 0.14948453608247422 0.2372093023255814
3 0.2407216494845361 0.3732558139534884 0.10103092783505155 0.1372093023255814
3 0.19536082474226804 0.3186046511627907 0.07422680412371134 0.1325581395348837
3 0.15670103092783505 0.24651162790697675 0.06804123711340206 0.06976744186046512
3 0.20876288659793815 0.2302325581395349 0.08041237113402062 0.09534883720930233
3 0.2958762886597938 0.2744186046511628 0.0711340206185567 0.06046511627906977
3 0.2793814432989691 0.30116279069767443 0.05463917525773196 0.053488372093023255
3 0.3515463917525773 0.33488372093023255 0.10412371134020619 0.08372093023255814
3 0.2618556701030928 0.22790697674418606 0.029896907216494847 0.04883720930232558
3 0.12371134020618557 0.18255813953488373 0.07835051546391752 0.046511627906976744
3 0.16597938144329896 0.1697674418604651 0.04020618556701031 0.053488372093023255