3 0.4829896907216495 0.7848837209302325 0.2752577319587629 0.40232558139534885
3 0.3731958762886598 0.8162790697674419 0.08453608247422681 0.08372093023255814
3 0.3231958762886598 0.6197674418604651 0.08762886597938144 0.08837209302325581
3 0.09175257731958762 0.8244186046511628 0.1731958762886598 0.2069767441860465
3 0.10824742268041238 0.713953488372093 0.07216494845360824 0.09069767441860466
3 0.37938144329896906 0.5069767441860465 0.2711340206185567 0.1883720930232558
3 0.554639175257732 0.4418604651162791 0.1 0.1325581395348837
3 0.6907216494845361 0.5279069767441861 0.14845360824742268 0.2302325581395349
3 0.7644329896907216 0.44651162790697674 0.10103092783505155 0.1325581395348837
3 0.8123711340206186 0.40348837209302324 0.0731958762886598 0.13023255813953488
3 0.8546391752577319 0.3430232558139535 0.06701030927835051 0.06744186046511629
3 0.8036082474226804 0.3127906976744186 0.08041237113402062 0.09069767441860466
3 0.7144329896907217 0.3313953488372093 0.07010309278350516 0.05813953488372093
3 0.729381443298969 0.363953488372093 0.05360824742268041 0.05116279069767442
3 0.6561855670103093 0.3767441860465116 0.10412371134020619 0.07906976744186046
3 0.7510309278350515 0.29534883720930233 0.029896907216494847 0.04883720930232558
3 0.8907216494845361 0.28837209302325584 0.07835051546391752 0.044186046511627906
3 0.8494845360824742 0.26395348837209304 0.03917525773195876 0.053488372093023255