3 0.259375 0.5755555555555556 0.51875 0.4622222222222222
3 0.445 0.8322222222222222 0.16875 0.20666666666666667
3 0.811875 0.5411111111111111 0.2125 0.14444444444444443
3 0.875 0.72 0.25 0.28444444444444444
3 0.753125 0.4022222222222222 0.10625 0.07111111111111111
3 0.638125 0.43 0.0875 0.06
3 0.600625 0.35888888888888887 0.1 0.10888888888888888
3 0.471875 0.31222222222222223 0.09625 0.06666666666666667
3 0.249375 0.3322222222222222 0.26875 0.12222222222222222
3 0.273125 0.2677777777777778 0.15125 0.06888888888888889
3 0.8875 0.4588888888888889 0.08625 0.10222222222222223
3 0.943125 0.42444444444444446 0.09125 0.11333333333333333
3 0.93875 0.35555555555555557 0.07375 0.08222222222222222
3 0.2525 0.18888888888888888 0.12375 0.08222222222222222