3 0.2958984375 0.85986328125 0.5078125 0.2802734375
3 0.67041015625 0.6181640625 0.259765625 0.1943359375
3 0.341796875 0.45849609375 0.3916015625 0.185546875
3 0.56982421875 0.3505859375 0.1259765625 0.072265625
3 0.6845703125 0.3876953125 0.1728515625 0.0888671875
3 0.87646484375 0.43017578125 0.14453125 0.1142578125
3 0.96630859375 0.5185546875 0.0673828125 0.10546875
3 0.923828125 0.74609375 0.15234375 0.140625
3 0.83154296875 0.94775390625 0.2685546875 0.09765625
3 0.048828125 0.72802734375 0.0927734375 0.1669921875
3 0.04052734375 0.41552734375 0.0810546875 0.0810546875
3 0.17724609375 0.349609375 0.1279296875 0.05859375
3 0.25341796875 0.30029296875 0.0869140625 0.0400390625
3 0.32080078125 0.3515625 0.091796875 0.046875
3 0.4755859375 0.2880859375 0.205078125 0.0830078125
3 0.689453125 0.28369140625 0.08203125 0.0498046875
3 0.83740234375 0.298828125 0.103515625 0.0537109375
3 0.86572265625 0.24853515625 0.1337890625 0.06640625
3 0.8779296875 0.18994140625 0.1025390625 0.0615234375
3 0.62548828125 0.19189453125 0.1689453125 0.0625
3 0.6962890625 0.12890625 0.1279296875 0.0498046875
3 0.7578125 0.07666015625 0.2021484375 0.0947265625
3 0.58837890625 0.1142578125 0.134765625 0.0498046875
3 0.52490234375 0.05810546875 0.142578125 0.046875
3 0.41845703125 0.06787109375 0.1015625 0.0322265625
3 0.32080078125 0.0556640625 0.1826171875 0.07421875
3 0.142578125 0.09814453125 0.1435546875 0.05859375
3 0.3251953125 0.1640625 0.2548828125 0.07421875
3 0.46728515625 0.18701171875 0.0693359375 0.03125
3 0.41259765625 0.21728515625 0.1064453125 0.044921875
3 0.2041015625 0.24365234375 0.2109375 0.0966796875