3 0.28955078125 0.8583984375 0.5029296875 0.275390625
3 0.66845703125 0.62109375 0.2568359375 0.189453125
3 0.342685546875 0.45587890624999994 0.38884765624999995 0.17844726562499996
3 0.572177734375 0.352001953125 0.12517578125000006 0.07013671875000005
3 0.68669921875 0.391064453125 0.17133789062500004 0.08611328124999995
3 0.877578125 0.436787109375 0.1429296874999999 0.11186523437499996
3 0.96697265625 0.52734375 0.0660546875000001 0.10475585937499998
3 0.920185546875 0.75373046875 0.15003906249999988 0.13849609374999994
3 0.82373046875 0.95361328125 0.2666015625 0.0927734375
3 0.044833984375 0.719990234375 0.08966796875 0.16512695312499992
3 0.041015625 0.408203125 0.08203125 0.080078125
3 0.179775390625 0.344013671875 0.126953125 0.05592773437499998
3 0.25701171875 0.29607421875 0.08611328124999998 0.03817382812500003
3 0.32359375 0.34845703125 0.09144531249999999 0.04527343750000001
3 0.479404296875 0.287646484375 0.20418945312500003 0.07990234375000002
3 0.693359375 0.287197265625 0.0816796875000001 0.048828125
3 0.840732421875 0.30451171875 0.10297851562500004 0.05149414062500002
3 0.870029296875 0.254794921875 0.1331640624999999 0.06391601562500002
3 0.883349609375 0.196640625 0.1012109375000001 0.05948242187499997
3 0.630771484375 0.193984375 0.16779296874999994 0.05948242187499997
3 0.702685546875 0.132275390625 0.126953125 0.04793945312500002
3 0.7652734375 0.08123046875 0.20063476562500004 0.09144531249999999
3 0.595263671875 0.11585937499999999 0.13405273437499998 0.04705078124999999
3 0.532666015625 0.05859375 0.14204101562500004 0.044384765624999996
3 0.4261328125 0.06658203125 0.10121093749999999 0.030185546874999997
3 0.3284765625 0.0523828125 0.18110351562500002 0.07102539062499999
3 0.14958984375 0.091884765625 0.1429296875 0.05592773437500001
3 0.331142578125 0.1611328125 0.25390625 0.07013671875
3 0.4727441406249999 0.186435546875 0.06835937499999994 0.030185546875000024
3 0.417705078125 0.215732421875 0.10564453125000006 0.04261718749999999
3 0.2086328125 0.238369140625 0.20952148437499998 0.09321289062499999