3 0.265625 0.6133333333333333 0.53125 0.5377777777777778
3 0.46125 0.8388888888888889 0.17625 0.2288888888888889
3 0.8125 0.4922222222222222 0.21625 0.17555555555555555
3 0.876875 0.6588888888888889 0.24625 0.32222222222222224
3 0.7475 0.36333333333333334 0.10875 0.08666666666666667
3 0.63375 0.4088888888888889 0.09 0.07333333333333333
3 0.593125 0.3433333333333333 0.105 0.12444444444444444
3 0.463125 0.31666666666666665 0.09875 0.08
3 0.241875 0.3711111111111111 0.27125 0.1622222222222222
3 0.263125 0.30333333333333334 0.1525 0.09111111111111111
3 0.884375 0.4 0.09 0.11555555555555555
3 0.9375 0.35555555555555557 0.09625 0.12666666666666668
3 0.93 0.28888888888888886 0.07625 0.09333333333333334
3 0.238125 0.22777777777777777 0.12625 0.10222222222222223