3 0.283203125 0.8544921875 0.5078125 0.2841796875
3 0.66650390625 0.6240234375 0.259765625 0.1943359375
3 0.34326171875 0.453125 0.3916015625 0.185546875
3 0.57470703125 0.353515625 0.1259765625 0.072265625
3 0.6884765625 0.39453125 0.1728515625 0.0888671875
3 0.87841796875 0.443359375 0.14453125 0.1142578125
3 0.9658203125 0.53515625 0.068359375 0.10546875
3 0.91552734375 0.76123046875 0.15234375 0.140625
3 0.81591796875 0.955078125 0.2685546875 0.08984375
3 0.04345703125 0.71142578125 0.0869140625 0.1669921875
3 0.04248046875 0.400390625 0.0830078125 0.0810546875
3 0.1826171875 0.33837890625 0.1279296875 0.05859375
3 0.2607421875 0.2919921875 0.0869140625 0.0400390625
3 0.326171875 0.34521484375 0.091796875 0.046875
3 0.48291015625 0.287109375 0.205078125 0.0830078125
3 0.697265625 0.29052734375 0.08203125 0.0498046875
3 0.84423828125 0.310546875 0.103515625 0.0537109375
3 0.8740234375 0.26123046875 0.1337890625 0.06640625
3 0.888671875 0.20361328125 0.1025390625 0.0615234375
3 0.63623046875 0.1962890625 0.1689453125 0.0625
3 0.708984375 0.1357421875 0.1279296875 0.0498046875
3 0.7724609375 0.0859375 0.2021484375 0.0947265625
3 0.60205078125 0.11767578125 0.134765625 0.0498046875
3 0.54052734375 0.05908203125 0.142578125 0.046875
3 0.43359375 0.0654296875 0.1015625 0.0322265625
3 0.33642578125 0.04931640625 0.1826171875 0.07421875
3 0.15673828125 0.0859375 0.1435546875 0.05859375
3 0.3369140625 0.158203125 0.2548828125 0.07421875
3 0.47802734375 0.18603515625 0.0693359375 0.03125
3 0.4228515625 0.21435546875 0.1064453125 0.044921875
3 0.21337890625 0.2333984375 0.2109375 0.0966796875