3 0.5103092783505154 0.787 0.2671030927835051 0.37104651162790714
3 0.6194948453608247 0.8303488372093023 0.08247422680412371 0.07293023255813956
3 0.6738556701030928 0.6400697674418605 0.08622680412371145 0.07927906976744194
3 0.9001855670103093 0.8726279069767442 0.16870103092783514 0.18709302325581406
3 0.8861340206185566 0.7600465116279069 0.0702886597938145 0.08244186046511638
3 0.6201958762886598 0.5216744186046511 0.2675773195876288 0.1575116279069768
3 0.44657731958762886 0.436046511627907 0.09747422680412367 0.12155813953488367
3 0.30881443298969075 0.5047674418604652 0.14339175257731962 0.21458139534883716
3 0.23735051546391756 0.41490697674418603 0.09793814432989693 0.12155813953488367
3 0.19048453608247423 0.3673255813953488 0.07076288659793813 0.12155813953488367
3 0.14972164948453606 0.3012790697674419 0.0660721649484536 0.05918604651162788
3 0.2012680412371134 0.27695348837209305 0.07825773195876291 0.08244186046511626
3 0.28959793814432994 0.3065581395348837 0.0693505154639175 0.05074418604651161
3 0.27389690721649484 0.3366744186046512 0.05294845360824744 0.045465116279069795
3 0.347 0.3588837209302325 0.1026288659793814 0.06660465116279067
3 0.2542164948453608 0.2663953488372093 0.028587628865979372 0.04439534883720931
3 0.1148041237113402 0.24260465116279067 0.0777835051546392 0.03488372093023256
3 0.15651546391752577 0.22304651162790698 0.03842268041237112 0.04862790697674418