3 0.7440000000000001 0.5551111111111111 0.512 0.4168888888888889
3 0.565 0.8262222222222223 0.16300000000000003 0.19111111111111112
3 0.19 0.5697777777777777 0.209 0.12444444444444444
3 0.1265 0.7551111111111112 0.253 0.26222222222222225
3 0.24425 0.42577777777777776 0.10449999999999995 0.06044444444444442
3 0.36024999999999996 0.4431111111111111 0.08650000000000002 0.052444444444444495
3 0.39525 0.36844444444444446 0.0975 0.10044444444444442
3 0.5225 0.30977777777777776 0.095 0.057777777777777775
3 0.7454999999999999 0.3088888888888889 0.26599999999999996 0.09688888888888891
3 0.7195 0.24711111111111111 0.15 0.05511111111111114
3 0.11175 0.4955555555555556 0.08350000000000002 0.09511111111111113
3 0.05525 0.4657777777777778 0.08849999999999998 0.10488888888888886
3 0.05775 0.3968888888888889 0.07150000000000001 0.07555555555555556
3 0.738 0.16577777777777777 0.12199999999999989 0.07200000000000001